338 2 3 13 5 3 670 1 0 1 0 70 11 91 36 12 10 0 148 47 101 1 0 1 0 0.0
333 9 12 79 2 13 1186 0 0 1 0 129 10 83 63 2 15 0 230 8 222 0 0 1 0 0.0
158 0 1 2 1 1 116 1 0 1 0 18 4 94 31 2 9 0 31 3 28 1 0 1 0 0.0
156 0 6 22 1 6 305 0 0 1 0 31 2 77 79 1 10 0 40 1 39 0 0 1 0 0.0
337 0 2 28 2 4 746 0 0 1 1 62 1 95 233 130 12 103 686 376 310 0 0 1 1 0.199
155 0 3 20 4 3 250 0 0 1 0 39 1 78 58 1 10 0 51 1 50 0 0 1 0 0.0
334 12 6 28 4 12 1037 0 0 1 0 68 2 52 116 3 10 5 102 3 99 0 0 1 0 0.089
153 0 1 1 0 1 182 0 0 1 0 18 2 87 39 3 9 0 28 3 25 0 0 1 0 0.0
202 0 2 4 0 3 179 0 0 1 0 20 3 91 40 3 7 5 38 4 34 0 0 1 0 0.208
204 0 2 11 3 2 216 0 0 1 0 28 3 62 44 1 8 2 49 1 48 0 0 1 0 0.074
200 0 1 4 0 1 203 0 0 1 0 20 3 72 12 1 7 8 65 1 64 0 0 1 0 0.198
25 0 1 2 0 1 195 0 0 0 0 33 3 80 41 0 9 0 39 0 39 0 0 0 0 0.0
207 0 2 21 1 3 238 1 0 1 0 25 4 88 51 1 9 12 70 1 69 1 0 1 0 0.255
209 0 3 22 1 3 214 0 0 1 0 18 4 81 50 1 11 2 48 1 47 0 0 1 0 0.077
161 0 1 13 0 1 47 0 0 0 0 8 2 56 11 0 3 0 13 0 13 0 0 0 0 0.0
1 0 3 12 1 7 219 0 0 1 0 28 3 40 52 1 8 0 51 1 50 0 0 1 0 0.0
163 0 1 2 1 1 82 1 0 1 0 13 4 74 22 1 4 0 18 1 17 1 0 1 0 0.0
7 0 1 27 0 1 118 0 0 1 0 17 1 4 27 2 5 0 19 2 17 0 0 1 1 0.079
30 0 2 19 0 2 159 1 0 1 0 23 2 88 45 3 10 0 39 3 36 1 0 1 0 0.0
6 0 3 23 0 3 51 0 0 1 0 5 1 19 14 2 1 0 17 3 14 0 0 1 1 0.122
5 0 2 23 2 2 85 1 0 1 0 16 3 82 21 2 8 0 33 3 30 1 0 1 0 0.0
8 0 2 16 0 2 56 0 0 0 0 5 1 80 15 2 2 0 8 2 6 0 0 0 0 0.0
211 0 2 5 3 3 630 0 0 1 0 41 2 95 136 4 12 32 144 9 135 0 0 1 0 0.3
318 8 25 183 7 26 1199 0 0 1 1 202 45 93 57 163 49 114 2454 962 1492 0 0 1 1 0.122
215 0 2 4 2 2 123 1 0 1 0 21 3 65 16 1 9 5 41 1 40 1 0 1 0 0.192
216 0 1 1 0 1 22 0 0 1 0 4 3 66 3 1 6 2 22 1 21 0 0 1 0 0.154
316 0 1 27 0 1 44 0 0 1 0 7 2 80 10 1 6 4 35 2 33 0 0 1 0 0.186
317 2 2 12 1 3 247 1 0 1 0 18 4 78 42 3 3 0 40 4 36 1 0 1 0 0.0
219 0 1 4 0 1 152 1 0 1 0 8 3 56 10 1 6 2 31 1 30 1 0 1 0 0.114
18 0 3 11 1 3 453 0 0 1 0 42 3 97 131 14 14 0 81 31 50 0 0 1 0 0.0
178 0 1 1 2 1 210 0 0 1 0 19 1 85 51 2 9 4 61 2 59 0 0 1 0 0.079
312 0 3 10 0 3 190 0 0 1 0 9 4 93 42 18 8 7 144 27 117 0 0 1 0 0.08
217 0 2 3 0 2 342 0 0 0 0 18 1 92 66 1 3 10 76 1 75 0 0 0 0 0.206
16 0 3 13 5 3 249 0 0 1 0 38 1 78 58 1 9 0 50 1 49 0 0 1 0 0.0
176 0 1 1 3 2 295 1 0 1 0 26 3 87 70 3 8 5 49 3 46 1 0 1 0 0.167
12 0 1 5 0 1 110 1 0 1 0 14 2 92 31 1 4 0 19 2 17 1 0 1 0 0.0
170 0 2 7 0 2 112 0 0 1 0 13 6 66 26 1 9 0 22 1 21 0 0 1 0 0.0
175 0 1 2 0 2 313 0 0 1 0 34 1 77 88 5 4 0 47 7 40 0 0 1 0 0.0
172 0 1 4 0 1 133 1 0 1 0 15 2 81 32 2 10 0 34 5 29 1 0 1 0 0.0
220 0 1 6 0 1 93 1 0 0 0 7 2 85 12 0 2 6 42 0 42 1 0 0 0 0.222
222 0 10 22 5 14 602 0 0 1 0 54 2 90 84 4 12 12 136 6 130 0 0 1 0 0.15
223 0 2 16 0 2 166 1 0 0 0 18 1 75 27 1 3 5 27 1 26 1 0 0 0 0.27
328 2 4 21 2 4 263 0 0 1 0 34 4 90 31 11 12 2 108 14 94 0 0 1 0 0.036
225 0 5 29 5 5 789 0 0 1 0 21 1 97 196 8 8 18 108 10 98 0 0 1 0 0.239
226 0 1 3 0 3 568 1 0 1 0 49 2 93 92 1 10 19 121 1 120 1 0 1 0 0.233
227 0 1 2 1 1 107 0 0 1 0 11 3 64 17 1 3 5 22 1 21 0 0 1 0 0.313
323 28 31 228 8 31 608 0 0 1 0 138 33 66 3 18 15 29 361 49 312 0 0 1 0 0.12
228 0 1 2 2 3 1007 1 0 1 0 8 1 0 76 13 13 134 588 27 561 1 0 1 0 0.313
188 0 2 22 0 2 88 0 0 1 0 19 3 77 22 1 9 2 30 1 29 0 0 1 0 0.118
324 27 44 415 9 49 1383 0 0 1 1 298 77 0 4 185 67 109 2997 962 2035 0 0 1 1 0.122
229 0 3 24 0 3 98 1 0 1 0 19 2 75 28 3 2 2 43 3 40 1 0 1 0 0.085
187 0 2 7 3 2 140 1 0 1 0 17 3 40 21 1 9 7 42 1 41 1 0 1 0 0.259
189 0 1 2 2 1 323 1 0 1 0 40 1 94 78 3 11 8 81 3 78 1 0 1 0 0.165
322 0 3 6 0 3 20 1 0 1 0 5 1 50 3 2 9 1 55 4 51 1 0 1 0 0.033
10 0 1 2 0 1 123 0 0 0 0 22 1 75 31 1 4 0 25 1 24 0 0 0 0 0.0
181 0 5 11 2 7 267 0 0 1 0 24 4 80 55 1 10 4 70 1 69 0 0 1 0 0.079
182 0 1 1 0 1 90 0 0 1 0 16 2 60 21 3 9 2 34 7 27 0 0 1 0 0.105
78 0 5 31 1 5 225 1 0 1 0 27 1 82 39 1 11 0 27 1 26 1 0 1 0 0.0
115 0 2 19 1 2 109 1 0 1 0 15 4 75 27 2 11 0 28 2 26 1 0 1 0 0.0
113 0 2 22 0 2 37 0 0 1 0 11 3 60 10 2 6 0 16 3 13 0 0 1 0 0.0
83 0 1 27 0 1 326 1 1 1 0 8 1 50 90 2 6 0 12 2 10 1 1 1 0 0.0
80 0 6 61 2 6 447 1 0 1 0 83 1 73 123 1 25 0 95 2 93 1 0 1 0 0.0
84 0 1 5 0 1 108 0 0 1 0 24 1 75 23 1 1 0 42 1 41 0 0 1 0 0.0
125 0 1 4 1 1 92 1 0 1 0 7 3 64 23 1 7 0 20 1 19 1 0 1 0 0.0
127 0 2 3 0 2 95 1 0 0 0 16 3 77 20 0 6 0 31 0 31 1 0 0 0 0.0
121 0 3 36 0 3 37 0 0 1 0 10 1 16 8 1 2 0 20 1 19 0 0 1 1 0.063
302 1 7 20 6 9 802 0 0 1 1 111 10 80 12 69 21 60 698 272 426 0 0 1 1 0.105
122 0 2 22 0 2 65 1 0 1 0 20 3 82 19 2 8 0 30 4 26 1 0 1 0 0.0
301 0 1 3 4 1 506 1 0 1 0 32 3 91 95 16 23 30 369 49 320 1 0 1 0 0.146
123 0 1 3 0 1 64 0 0 1 0 11 1 87 13 1 6 0 23 1 22 0 0 1 0 0.0
304 2 3 17 1 3 152 0 0 1 0 18 7 52 14 1 8 0 64 2 62 0 0 1 0 0.0
307 0 1 3 2 3 175 0 0 1 0 33 2 90 46 2 7 0 61 2 59 0 0 1 0 0.0
70 0 1 1 0 1 89 0 0 1 0 24 3 58 19 1 6 0 29 1 28 0 0 1 1 0.044
120 0 1 2 0 1 94 0 0 0 0 20 1 78 22 1 2 0 29 1 28 0 0 0 0 0.0
76 0 1 4 1 1 106 1 0 1 0 14 3 67 23 1 5 0 27 1 26 1 0 1 0 0.0
132 0 1 15 0 2 40 0 0 1 0 33 1 0 23 1 3 0 38 3 35 0 0 1 0 0.0
59 0 1 5 2 1 70 1 0 0 0 5 1 83 17 3 0 0 10 3 7 1 0 0 0 0.0
133 0 2 29 0 2 107 1 1 1 0 23 2 91 32 1 16 0 44 2 42 1 1 1 0 0.0
57 0 1 4 0 1 249 0 0 1 0 11 1 94 69 3 2 0 25 6 19 0 0 1 0 0.0
139 0 1 1 2 2 67 0 0 1 0 17 3 75 15 1 8 0 24 1 23 0 0 1 0 0.0
56 0 2 22 0 2 205 0 0 1 0 20 1 94 57 6 7 0 32 9 23 0 0 1 0 0.0
136 0 1 6 2 1 73 1 0 1 0 17 4 81 18 1 7 0 28 6 22 1 0 1 0 0.0
64 0 5 26 12 7 1162 0 0 1 1 119 2 98 257 32 27 0 293 166 127 0 0 1 1 0.0
60 0 1 5 0 1 305 1 0 1 0 34 1 92 76 17 3 0 68 29 39 1 0 1 0 0.0
61 0 1 3 0 2 192 1 0 1 0 19 1 77 29 2 5 0 32 2 30 1 0 1 0 0.0
143 0 1 1 0 2 94 0 0 1 0 18 3 82 20 1 6 0 29 1 28 0 0 1 0 0.0
144 0 1 27 0 1 318 1 1 1 0 16 1 65 79 2 7 0 20 2 18 1 1 1 0 0.0
145 0 1 2 0 1 101 1 0 0 0 22 3 81 25 1 10 0 32 1 31 1 0 0 0 0.0
148 0 1 1 0 1 64 1 0 1 0 12 2 85 17 2 5 0 16 2 14 1 0 1 0 0.0
52 0 1 1 0 1 123 1 0 1 0 11 1 91 35 4 2 0 21 4 17 1 0 1 0 0.0
53 0 1 3 0 1 44 1 0 0 0 2 1 76 13 1 0 0 4 1 3 1 0 0 0 0.0
141 0 2 19 0 2 107 0 0 1 0 24 1 89 31 2 4 0 36 6 30 0 0 1 0 0.0
281 0 5 20 3 7 589 1 0 1 0 35 5 94 141 2 10 4 107 2 105 1 0 1 0 0.069
280 6 15 109 13 16 1273 0 0 1 1 145 22 92 36 41 27 25 589 124 465 0 0 1 0 0.106
285 0 2 15 1 3 76 0 0 1 0 13 2 66 20 2 6 0 39 4 35 0 0 1 0 0.0
284 0 1 27 1 1 25 1 0 1 0 4 2 0 6 8 12 2 73 17 56 1 0 1 0 0.052
286 3 4 40 3 5 214 0 0 1 0 19 8 63 22 4 8 3 72 12 60 0 0 1 0 0.077
287 0 2 6 0 2 149 0 0 1 0 21 1 0 42 14 19 3 177 17 160 0 0 1 1 0.079
271 0 1 4 0 1 58 0 0 1 1 9 4 84 15 163 8 5 1044 980 64 0 0 1 1 0.009
274 7 7 105 0 7 124 0 0 1 1 51 12 42 9 57 6 9 227 125 102 0 0 1 1 0.128
277 0 3 17 0 3 100 0 0 1 0 12 3 0 12 3 1 0 25 3 22 0 0 1 0 0.0
101 0 2 7 6 2 428 0 0 1 0 40 3 95 116 20 10 0 97 48 49 0 0 1 0 0.0
97 0 2 2 0 2 186 1 0 1 0 11 3 81 62 3 7 0 27 3 24 1 0 1 0 0.0
92 0 5 53 4 5 649 1 0 1 0 38 2 97 171 12 17 0 82 17 65 1 0 1 0 0.0
296 3 3 9 2 3 94 1 0 1 0 35 15 0 2 4 15 6 141 4 137 0 0 1 1 0.099
295 0 1 3 0 1 58 0 0 1 0 4 3 33 15 11 5 0 58 12 46 0 0 1 1 0.122
292 2 3 27 0 3 37 1 0 0 0 12 2 100 1 0 6 0 17 0 17 1 0 0 0 0.0
291 0 2 2 0 3 370 0 0 1 0 45 5 65 32 7 12 9 130 8 122 0 0 1 0 0.122
297 0 3 15 1 3 82 0 0 1 0 6 3 61 17 1 5 0 39 2 37 0 0 1 0 0.0
299 0 21 66 23 29 2264 1 0 1 0 258 7 98 398 14 42 2 353 30 323 1 0 1 0 0.011
88 0 1 4 4 1 218 0 0 1 0 22 4 87 46 1 7 0 45 1 44 0 0 1 0 0.0
89 0 2 4 0 2 133 0 0 1 0 22 2 73 31 2 6 0 34 2 32 0 0 1 0 0.0
197 0 2 22 3 2 378 1 0 1 0 46 2 89 58 2 12 4 111 3 108 1 0 1 0 0.067
245 0 4 25 3 5 477 0 0 1 0 48 1 88 125 5 10 2 65 7 58 0 0 1 0 0.058
243 0 1 4 1 2 258 0 0 0 0 16 1 92 74 13 0 2 39 20 19 0 0 0 0 0.091
249 0 2 15 0 2 140 1 0 1 0 26 2 0 12 5 3 0 41 9 32 1 0 1 0 0.0
246 0 1 2 0 1 340 0 0 1 0 34 2 92 64 3 9 25 87 17 70 0 0 1 0 0.36
232 0 2 7 3 2 75 0 0 1 0 13 3 0 14 1 7 2 34 1 33 0 0 1 0 0.111
234 0 1 2 0 1 79 0 0 0 0 11 1 57 11 2 0 2 25 2 23 0 0 0 0 0.138
233 0 1 5 1 1 289 1 0 1 0 34 2 90 76 2 5 2 55 3 52 1 0 1 0 0.068
236 0 3 21 0 3 164 0 0 1 0 30 1 95 43 1 6 5 38 2 36 0 0 1 0 0.208
238 0 4 16 1 4 293 1 0 1 0 27 2 87 45 1 6 7 69 1 68 1 0 1 0 0.169
262 0 1 11 0 1 28 1 0 0 0 10 1 0 6 0 3 0 26 0 26 1 0 0 0 0.0
263 0 1 2 0 1 24 0 0 1 0 9 2 42 7 3 12 2 45 4 41 0 0 1 0 0.082
261 5 5 65 5 5 297 0 0 1 0 52 12 60 18 3 13 11 135 4 131 0 0 1 0 0.14
269 4 4 44 0 4 107 1 0 1 0 20 4 25 3 3 6 9 43 4 39 1 0 1 0 0.295
268 0 1 6 2 1 340 1 0 0 0 33 1 82 43 0 8 23 141 0 141 1 0 0 0 0.246
265 0 1 27 1 1 125 1 0 1 0 4 2 77 24 6 2 1 20 8 12 1 0 1 0 0.06
264 0 2 21 0 3 185 0 0 1 0 30 9 33 14 2 5 4 67 2 65 0 0 1 1 0.073
250 4 4 38 2 4 395 1 0 1 0 22 3 91 59 9 7 1 43 21 22 1 0 1 0 0.043
258 2 2 54 0 2 55 1 0 1 0 7 7 66 7 2 6 0 25 4 21 1 0 1 0 0.0
257 0 1 3 0 1 242 1 0 1 0 15 1 92 68 5 9 1 29 8 21 1 0 1 0 0.065
253 0 2 5 0 2 76 0 0 1 0 4 8 75 8 2 2 0 27 5 22 0 0 1 0 0.0
