159 0 3 16 1 3 91 0 0 1 0 13 6 60 20 1 9 0 22 1 21 0 0 1 0 0.0
150 0 1 16 1 1 55 1 0 1 0 13 4 73 15 1 4 0 18 1 17 1 0 1 0 0.0
41 0 2 5 0 2 317 0 0 1 0 27 3 97 85 4 10 0 51 6 45 0 0 1 0 0.0
204 0 3 16 14 4 434 0 0 1 0 47 2 89 79 5 10 7 101 6 95 0 0 1 0 0.15
205 0 9 22 4 10 479 0 0 1 0 33 1 56 107 1 11 5 58 1 57 0 0 1 0 0.089
169 0 2 7 5 3 248 0 0 1 0 24 4 79 58 1 10 4 68 1 67 0 0 1 0 0.103
26 0 2 4 2 2 152 1 0 1 0 23 2 88 43 3 11 0 39 3 36 1 0 1 0 0.0
206 0 4 9 4 5 781 0 0 1 0 18 1 97 193 8 6 18 105 10 95 0 0 1 0 0.25
207 0 1 1 3 3 560 1 0 1 0 49 2 93 91 1 10 19 121 1 120 1 0 1 0 0.239
165 0 2 20 0 2 338 0 0 1 0 30 1 90 57 4 9 8 90 5 85 0 0 1 0 0.151
209 0 3 10 3 3 959 1 0 1 0 8 1 0 74 12 13 130 567 27 540 1 0 1 0 0.313
3 0 2 8 0 2 348 0 0 1 0 19 1 96 99 7 5 0 47 10 37 0 0 1 0 0.0
1 0 3 8 6 4 208 0 0 1 0 28 3 40 49 1 8 0 51 1 50 0 0 1 0 0.0
164 0 2 4 2 3 268 1 0 1 0 24 3 88 63 1 7 5 45 1 44 1 0 1 0 0.169
0 0 4 14 0 4 63 1 0 1 0 5 4 70 20 3 2 0 17 4 13 1 0 1 0 0.0
7 0 1 16 0 1 114 1 0 1 0 16 4 90 29 1 7 0 27 4 23 1 0 1 0 0.0
32 0 1 6 0 1 127 1 0 1 0 14 3 80 25 3 6 0 37 4 33 1 0 1 0 0.0
4 0 3 23 0 3 118 0 0 1 0 17 1 4 27 2 6 0 19 2 17 0 0 1 0 0.0
210 0 1 3 1 2 732 0 0 1 1 60 1 95 228 132 9 6 401 324 77 0 0 1 1 0.231
213 0 1 4 2 2 76 0 0 1 0 12 3 0 11 1 6 2 33 1 32 0 0 1 0 0.105
214 0 2 13 1 2 298 1 0 1 0 37 2 90 77 2 6 2 59 3 56 1 0 1 0 0.068
219 0 1 6 0 1 216 0 0 1 0 23 4 75 36 3 11 4 72 4 68 0 0 1 0 0.1
315 0 1 1 1 2 125 1 0 1 0 15 5 87 28 4 9 1 83 7 76 0 0 1 1 0.078
313 3 6 44 2 8 707 0 0 1 1 94 13 86 30 13 26 11 315 31 284 0 0 1 1 0.104
13 0 4 9 3 4 395 0 0 1 0 40 3 97 118 13 12 0 79 31 48 0 0 1 0 0.0
311 4 5 33 0 5 256 1 0 1 0 22 2 68 31 2 7 0 79 2 77 1 0 1 0 0.0
12 0 1 5 0 1 35 0 0 0 0 0 1 50 8 2 0 0 4 3 1 0 0 1 1 0.172
174 0 1 4 2 2 137 1 0 1 0 16 3 40 19 1 7 7 41 1 40 1 0 1 0 0.25
172 0 1 1 0 2 165 1 0 0 0 10 1 77 18 0 0 20 36 0 36 1 0 0 0 0.526
223 0 1 1 0 1 185 0 0 0 0 10 1 86 36 0 6 4 55 0 55 0 0 0 0 0.127
224 0 3 10 0 3 276 1 0 1 0 35 1 91 64 19 3 4 74 23 51 1 0 1 0 0.093
225 0 2 6 1 3 254 0 0 0 0 16 1 92 73 14 0 2 38 19 19 0 0 0 0 0.093
227 0 1 1 1 1 320 0 0 1 0 32 2 92 63 3 10 23 79 16 63 0 0 1 0 0.365
229 2 2 12 0 2 62 1 0 1 0 10 2 40 5 2 4 0 30 3 27 1 0 1 0 0.0
189 0 1 5 3 1 236 1 0 1 0 23 4 88 51 1 7 12 67 1 66 1 0 1 0 0.255
182 0 3 19 2 5 377 1 0 1 0 46 2 89 58 2 14 4 110 3 107 1 0 1 0 0.067
186 0 1 2 0 1 283 1 0 1 0 7 1 0 20 7 6 36 166 15 151 1 0 1 0 0.303
79 0 2 11 4 2 646 1 0 1 0 38 2 97 170 13 17 0 84 18 66 1 0 1 0 0.0
114 0 1 9 0 1 141 0 0 1 0 23 1 72 32 2 10 0 25 3 22 0 0 1 0 0.0
77 0 1 1 1 1 399 1 1 1 0 30 3 96 105 5 9 0 55 19 36 1 0 1 0 0.0
111 0 1 7 2 1 55 1 0 0 0 10 3 40 10 0 6 0 18 0 18 1 0 0 0 0.0
119 0 1 16 1 1 71 1 0 1 0 15 4 81 18 1 4 0 26 6 20 1 0 1 0 0.0
87 0 4 27 2 4 435 0 0 1 0 40 3 95 116 20 9 0 93 44 49 0 0 1 0 0.0
127 0 1 2 0 1 42 1 0 1 0 6 2 50 11 2 4 0 15 3 12 0 0 1 1 0.139
300 0 4 7 2 6 191 0 0 1 0 10 5 0 15 18 4 5 138 27 111 0 0 1 0 0.089
128 0 4 13 0 5 39 0 0 1 0 12 3 33 9 1 4 0 19 1 18 0 0 1 0 0.0
68 0 1 11 5 1 227 1 0 1 0 27 1 82 38 1 6 0 27 1 26 1 0 1 0 0.0
121 0 1 5 0 1 24 0 0 1 0 11 5 0 6 1 8 0 16 1 15 0 0 1 0 0.0
302 2 4 26 0 4 102 1 0 1 0 10 4 75 13 3 6 0 37 3 34 1 0 1 0 0.0
301 0 1 2 0 1 89 0 0 1 0 19 2 36 19 3 11 2 80 4 76 0 0 1 0 0.048
306 0 3 19 0 7 65 1 0 1 0 12 1 86 6 2 4 0 71 2 69 0 0 1 1 0.231
308 0 1 4 0 2 263 1 1 1 0 15 1 93 37 1 8 11 69 1 68 1 1 1 0 0.242
309 0 1 16 0 1 463 1 0 1 0 46 1 98 110 11 9 2 155 16 139 1 0 1 0 0.024
70 0 2 23 5 2 412 1 0 1 0 75 1 66 114 1 21 0 87 2 85 1 0 1 0 0.0
74 0 1 2 2 2 76 0 0 0 0 13 1 70 18 0 5 0 27 0 27 0 0 0 0 0.208
75 0 1 1 0 1 87 0 0 1 0 16 2 87 21 4 8 0 30 6 24 0 0 1 0 0.0
138 0 3 16 1 3 95 0 0 1 0 13 6 60 22 1 9 0 21 1 20 0 0 1 0 0.0
57 0 4 29 7 6 1118 0 0 1 1 117 2 98 246 32 25 0 285 160 125 0 0 1 1 0.0
139 0 1 5 0 1 111 1 0 1 0 18 6 77 25 1 12 0 34 1 33 1 0 1 0 0.0
65 0 1 10 0 1 50 1 0 1 0 19 3 0 14 2 10 0 31 4 27 1 0 1 0 0.0
146 0 4 5 0 5 212 1 0 1 0 15 1 92 51 18 6 0 61 41 20 0 0 1 1 0.231
45 0 1 6 0 1 64 1 0 1 0 8 2 70 15 2 5 0 11 2 9 1 0 1 0 0.0
148 0 1 1 1 1 47 0 0 0 0 8 2 56 11 0 3 0 13 0 13 0 0 0 0 0.0
149 0 1 3 0 2 86 0 0 1 0 14 3 83 24 2 5 0 22 3 19 0 0 1 0 0.0
47 0 1 1 1 1 115 1 0 1 0 9 1 91 33 4 1 0 17 4 13 1 0 1 0 0.0
54 0 1 1 1 2 177 1 0 1 0 15 1 77 25 2 4 0 25 2 23 1 0 1 0 0.0
140 0 1 4 1 2 182 0 0 1 0 18 2 87 39 3 10 0 28 3 25 0 0 1 0 0.0
285 2 0 2 0 2 186 1 0 1 0 35 5 60 26 1 13 0 88 1 87 1 0 1 0 0.0
283 7 24 125 25 29 2264 1 0 1 0 246 7 94 149 12 36 1 327 26 301 1 0 1 0 0.011
288 2 4 16 8 6 847 0 0 1 0 83 4 75 22 8 16 1 339 12 327 0 0 1 1 0.139
287 0 1 6 1 1 117 0 0 1 0 19 2 80 24 2 9 1 70 3 67 0 0 1 1 0.139
272 0 1 16 0 1 99 1 0 1 0 10 2 90 24 121 14 16 672 405 267 0 0 1 1 0.139
276 0 1 4 0 1 132 0 0 1 0 12 3 80 29 8 10 9 128 8 120 0 0 1 0 0.122
277 7 10 95 3 11 1341 1 0 1 0 126 19 96 66 14 22 30 349 46 303 1 0 1 0 0.14
279 0 1 2 0 1 20 0 0 1 0 2 1 0 4 5 6 8 56 16 40 0 0 1 1 0.172
109 0 1 9 1 1 92 1 0 1 0 7 3 64 23 1 6 0 20 1 19 1 0 1 0 0.0
108 0 9 22 4 11 468 0 0 1 0 35 1 53 121 2 12 0 44 2 42 0 0 1 0 0.089
103 0 2 16 0 2 567 0 0 1 0 16 1 97 145 4 3 0 52 7 45 0 0 1 0 0.0
99 0 1 1 0 1 222 0 0 1 0 6 1 94 55 5 1 0 23 11 12 0 0 1 0 0.0
98 0 2 5 0 3 45 0 0 0 0 4 2 73 11 0 2 0 5 0 5 0 0 0 0 0.0
91 0 1 7 0 1 102 0 0 1 0 7 1 82 32 5 2 0 20 10 10 0 0 1 0 0.0
293 3 4 12 4 7 167 0 0 1 0 38 8 50 4 2 9 6 146 8 138 0 0 1 0 0.138
290 0 2 8 1 2 190 0 0 1 0 32 6 50 25 3 17 0 158 6 152 0 0 1 0 0.0
291 3 19 80 8 21 2111 0 0 1 1 206 19 66 14 105 40 118 1573 386 1187 0 0 1 1 0.139
241 2 3 17 1 4 89 0 0 1 0 25 3 80 10 2 5 1 46 2 44 0 0 1 1 0.172
197 0 2 3 0 2 366 0 0 1 0 44 1 73 99 6 11 2 71 9 62 0 0 1 1 0.104
196 0 1 11 2 1 131 1 0 1 0 25 3 65 17 1 8 5 46 1 45 1 0 1 0 0.196
193 0 1 2 2 1 621 0 0 1 0 40 2 95 133 5 9 32 143 9 134 0 0 1 0 0.308
199 0 2 10 2 3 316 0 0 0 0 18 1 91 56 1 3 10 74 1 73 0 0 0 0 0.208
245 0 1 1 2 1 126 0 0 1 0 5 1 94 35 1 6 0 31 1 30 0 0 1 0 0.0
244 2 2 22 2 2 271 1 0 1 0 40 8 91 36 13 10 0 96 31 65 1 0 1 0 0.0
249 4 4 32 0 4 36 0 0 1 0 18 5 16 7 3 9 2 45 4 41 0 0 1 0 0.082
246 2 2 6 0 2 25 1 0 1 0 5 3 100 4 1 3 1 19 2 17 1 0 1 0 0.035
239 1 1 3 0 1 65 0 0 0 0 7 1 80 14 3 0 1 22 4 18 0 0 0 0 0.083
235 2 3 14 0 3 86 0 0 1 0 14 3 66 9 2 6 1 33 3 30 0 0 1 0 0.057
237 2 3 26 0 3 122 0 0 1 0 18 5 57 25 11 4 1 43 16 27 0 0 1 1 0.172
262 0 1 6 0 1 91 1 0 1 0 12 2 72 23 1 6 10 53 2 51 1 0 1 0 0.274
263 0 1 2 0 1 43 0 0 1 0 7 1 0 12 3 1 0 25 3 22 0 0 1 0 0.0
260 0 2 3 5 2 356 1 0 1 0 61 4 93 67 3 15 11 197 13 184 0 0 1 1 0.104
269 4 4 32 0 4 118 1 0 1 0 20 6 65 14 3 8 0 41 4 37 1 0 1 0 0.0
267 0 1 1 7 4 523 1 0 1 0 33 5 94 124 2 10 4 104 2 102 1 0 1 0 0.07
265 0 3 12 0 6 120 0 0 1 0 21 4 77 11 3 8 1 60 4 56 0 0 1 0 0.032
250 0 1 1 0 1 125 1 0 1 0 4 2 77 24 4 2 1 20 8 12 1 0 1 0 0.091
252 0 2 2 0 2 152 1 0 1 0 13 3 70 19 1 7 10 135 2 133 1 0 1 0 0.129
254 0 1 6 0 2 18 1 0 0 0 1 1 25 4 0 8 23 135 0 135 1 0 0 0 0.246
