159 0 1 17 0 2 66 0 0 0 0 11 1 54 8 1 0 2 24 1 23 0 0 0 0 0.154
34 0 1 3 1 1 49 0 0 0 0 8 1 44 11 1 2 0 21 1 20 0 0 0 0 0.0
157 0 5 8 1 6 584 1 0 1 0 8 1 0 47 11 4 82 355 28 327 0 0 1 0 0.322
37 0 9 27 1 9 310 0 0 1 0 28 1 49 78 1 7 0 38 1 37 0 0 1 0 0.0
155 0 2 8 5 4 887 0 0 1 0 18 1 98 194 11 5 44 155 18 137 0 0 1 0 0.359
154 0 7 15 1 8 313 0 0 1 0 30 1 58 74 1 8 2 50 1 49 0 0 1 0 0.073
152 0 10 114 4 11 177 0 0 1 0 26 2 80 39 2 3 4 56 7 49 0 0 1 0 0.1
150 0 1 9 1 1 56 0 0 1 0 15 2 0 9 1 4 5 25 1 24 0 0 1 0 0.286
151 0 4 45 2 5 213 1 0 1 0 15 2 88 30 1 2 2 42 2 40 0 0 1 0 0.087
42 0 3 21 1 4 22 0 0 1 0 6 3 50 5 4 3 0 15 5 10 0 0 1 0 0.0
40 0 1 23 0 1 53 0 0 1 0 2 4 50 15 1 1 0 6 1 5 0 0 1 0 0.0
204 2 4 28 0 7 219 1 1 1 0 13 1 92 31 1 5 7 62 2 60 0 1 1 0 0.184
205 15 24 136 5 29 720 0 0 1 0 73 6 71 20 4 11 1 143 7 136 0 0 1 1 0.14
200 0 1 23 0 1 28 0 0 1 0 3 1 57 7 2 4 1 36 6 30 0 0 1 0 0.053
201 12 26 185 29 28 979 1 0 1 0 100 4 93 39 71 18 2 400 251 149 0 0 1 1 0.008
169 0 1 23 0 1 15 0 0 1 0 1 1 0 4 2 4 0 15 2 13 0 0 1 0 0.0
24 0 8 61 4 8 314 0 0 1 0 38 3 96 93 9 9 0 69 24 45 0 0 1 0 0.0
25 0 1 13 0 1 98 1 0 1 0 12 4 75 25 2 6 0 21 2 19 0 0 1 0 0.0
206 0 10 36 7 12 384 0 0 1 0 55 12 86 30 7 10 11 134 12 122 0 0 1 0 0.115
26 0 3 9 0 3 42 0 0 1 0 10 1 39 12 2 2 0 19 2 17 0 0 1 0 0.0
166 0 2 6 1 2 85 1 0 1 0 23 8 55 8 1 3 0 39 4 35 0 0 1 0 0.0
27 0 1 17 2 3 184 1 0 1 0 36 1 91 45 6 2 0 50 8 42 0 0 1 0 0.114
165 0 1 2 1 1 311 0 0 1 0 30 2 92 60 1 6 23 68 6 62 0 0 1 0 0.387
207 1 2 41 0 3 110 0 0 1 0 13 2 76 17 5 3 3 37 6 31 0 0 1 0 0.111
208 4 4 24 0 4 199 1 0 1 0 13 2 75 38 3 2 0 29 4 25 0 0 1 0 0.0
28 0 3 11 1 3 117 1 0 1 0 11 3 60 31 2 5 0 26 2 24 0 0 1 0 0.0
209 0 17 94 10 18 501 0 0 1 0 62 3 83 101 6 7 2 91 11 80 0 0 1 0 0.094
167 2 2 26 2 4 113 0 0 1 0 47 8 55 11 1 4 0 59 2 57 0 0 1 1 0.14
3 0 4 24 0 4 47 1 0 1 0 14 1 0 8 2 1 0 20 4 16 0 0 1 0 0.0
161 0 2 8 2 3 117 0 0 1 0 27 1 93 31 1 4 5 34 2 32 0 0 1 0 0.222
163 0 2 23 4 2 203 0 0 0 0 17 1 90 54 10 0 2 31 13 18 0 0 0 0 0.087
1 0 1 17 0 1 123 0 0 1 0 18 3 30 28 1 3 0 37 1 36 0 0 1 0 0.0
164 0 1 2 0 2 255 1 1 1 0 8 1 66 87 6 1 2 29 14 15 0 1 1 0 0.105
30 0 2 33 4 2 49 0 0 1 0 7 3 66 15 2 2 0 15 3 12 0 0 1 1 0.012
6 0 6 31 1 7 84 0 0 1 0 17 4 87 22 7 8 0 34 8 26 0 0 1 1 0.019
4 0 4 20 0 4 94 1 0 1 0 20 3 85 25 4 9 0 32 5 27 0 0 1 0 0.085
31 0 1 4 1 1 39 0 0 1 0 3 4 73 10 1 1 0 9 1 8 0 0 1 0 0.0
211 0 8 39 1 8 298 0 0 1 1 49 12 89 30 17 17 17 350 45 305 0 0 1 1 0.236
216 0 3 42 1 3 162 0 0 1 0 20 3 56 24 3 5 10 108 5 103 0 0 1 0 0.13
213 3 23 153 10 25 772 0 0 1 1 144 32 0 3 20 19 6 330 51 279 0 0 1 1 0.236
19 0 19 105 13 20 547 0 0 1 0 62 2 95 141 3 15 0 90 4 86 0 0 1 1 0.0
214 0 6 21 1 6 51 0 0 1 0 12 4 33 7 1 2 2 38 1 37 0 0 1 0 0.148
179 2 6 48 2 7 258 1 0 1 0 44 10 73 18 9 5 0 101 26 75 0 0 1 0 0.0
219 0 3 21 1 3 126 0 0 1 0 18 3 87 32 5 7 2 79 11 68 0 0 1 1 0.236
17 0 1 18 4 1 50 0 0 1 0 10 1 84 14 1 1 0 13 1 12 0 0 1 0 0.0
18 0 6 16 0 6 134 1 0 1 0 18 1 93 41 1 5 0 23 1 22 0 0 1 0 0.0
177 7 8 64 2 10 294 0 0 1 0 54 13 50 16 2 6 11 133 4 129 0 0 1 0 0.149
217 0 1 17 0 3 117 0 0 1 0 14 1 0 29 4 4 3 241 7 234 0 0 1 0 0.024
218 0 2 4 0 2 22 0 0 1 0 2 1 33 4 12 2 2 97 19 78 0 0 1 1 0.236
176 2 7 45 1 7 411 1 1 1 0 26 2 92 58 3 3 1 46 10 36 0 1 1 0 0.041
16 0 1 14 0 1 102 0 0 1 0 7 1 82 32 5 1 0 18 8 10 0 0 1 0 0.0
170 6 7 44 1 7 74 0 0 1 0 22 2 0 10 1 5 0 28 1 27 0 0 1 0 0.0
172 0 3 35 1 5 213 1 0 1 0 11 1 91 60 3 3 1 24 5 19 0 0 1 0 0.069
222 0 8 43 2 8 125 0 0 1 0 29 9 77 19 5 11 4 110 8 102 0 0 1 0 0.065
189 4 6 25 3 7 155 1 0 1 0 25 4 69 15 1 3 10 45 2 43 0 0 1 0 0.308
181 0 3 15 0 3 116 1 0 1 0 5 3 78 7 1 1 10 59 1 58 0 0 0 0 0.245
10 0 1 6 10 1 161 0 0 1 0 22 3 88 42 14 5 0 60 29 31 0 0 1 0 0.0
182 4 10 77 6 11 382 0 0 1 0 21 2 89 82 6 5 29 142 15 127 0 0 1 0 0.289
183 0 2 19 3 3 143 0 0 1 0 27 6 40 7 2 4 0 44 5 39 0 0 1 1 0.14
184 0 3 23 4 5 92 0 0 1 0 13 2 69 22 1 5 2 41 2 39 0 0 1 0 0.04
185 0 1 5 0 1 98 1 0 1 0 8 3 66 31 1 2 3 26 1 25 0 0 1 1 0.14
186 10 11 42 0 13 393 0 0 1 0 49 4 74 48 1 5 0 61 2 59 0 0 0 0 0.0
117 0 3 17 5 3 547 1 0 1 0 31 2 96 167 9 14 0 66 12 54 0 0 1 0 0.0
78 0 23 124 8 26 845 0 0 1 1 93 2 98 184 25 20 0 212 110 102 0 0 1 1 0.0
114 0 2 25 0 3 264 1 1 1 0 26 3 94 70 2 3 0 35 5 30 0 1 1 0 0.0
112 0 1 9 0 1 54 0 0 1 0 13 6 33 12 1 7 0 22 1 21 0 0 1 0 0.0
118 0 1 7 4 3 122 0 0 1 0 22 2 81 30 4 4 0 36 8 28 0 0 1 0 0.02
119 0 2 14 5 4 265 0 0 1 0 32 1 71 70 4 2 0 43 5 38 0 0 1 0 0.0
82 0 9 43 6 11 270 0 0 1 0 30 1 0 75 25 3 0 91 57 34 0 0 1 1 0.236
84 0 1 23 0 1 27 1 0 1 0 2 1 50 7 2 2 0 5 2 3 0 0 1 0 0.0
85 0 1 4 0 1 37 0 0 0 0 6 2 66 9 1 0 0 15 1 14 0 0 1 1 0.236
127 0 5 14 3 12 299 0 0 1 0 32 3 81 79 3 9 6 79 3 76 0 0 1 0 0.132
128 0 1 5 0 1 73 0 0 1 0 3 1 0 8 2 3 10 32 2 30 0 0 1 0 0.385
123 0 4 12 0 5 248 0 0 1 0 22 1 89 49 4 3 4 60 4 56 0 0 1 0 0.111
124 0 3 8 4 4 165 0 0 1 0 17 1 84 39 2 5 2 48 2 46 0 0 1 0 0.114
70 0 1 3 1 1 42 0 0 0 0 6 1 0 13 1 3 0 11 1 10 0 0 0 0 0.0
71 0 6 22 0 6 89 0 0 1 0 27 1 89 28 1 2 0 34 2 32 0 0 0 0 0.0
72 0 4 5 1 5 188 0 0 0 0 7 1 93 51 1 1 0 19 5 14 0 0 1 0 0.0
74 0 1 17 2 1 318 1 0 1 0 31 1 85 77 9 1 0 52 17 35 0 0 1 0 0.0
135 0 10 70 8 11 204 1 0 1 0 37 2 89 29 2 9 2 74 3 71 0 0 1 0 0.045
133 0 2 26 1 2 99 1 0 0 0 10 2 64 18 1 1 5 20 1 19 0 0 0 0 0.333
59 0 1 7 0 1 68 1 0 1 0 14 4 79 17 1 4 0 25 4 21 0 0 1 0 0.0
138 0 2 8 0 2 279 1 0 1 0 7 1 0 20 4 3 36 165 14 151 0 0 1 0 0.332
58 0 3 36 1 3 59 1 0 1 0 9 2 62 16 1 3 0 15 2 13 0 0 1 0 0.0
57 0 1 4 2 1 71 0 0 1 0 11 4 40 14 1 3 0 19 1 18 0 0 1 0 0.0
139 0 6 70 6 7 56 0 0 1 0 10 2 72 15 3 4 2 29 5 24 0 0 1 0 0.094
56 0 3 14 1 4 318 0 0 1 0 27 3 96 86 5 8 0 53 7 46 0 0 1 0 0.0
136 0 2 10 1 2 232 1 0 1 0 22 1 81 57 2 1 7 48 5 43 0 0 1 0 0.212
64 0 3 13 0 3 29 0 0 0 0 1 1 100 1 0 0 0 2 0 2 0 0 1 1 0.236
65 0 3 22 3 3 108 0 0 1 0 16 3 62 27 1 2 0 26 1 25 0 0 1 0 0.0
62 0 5 53 2 5 157 0 0 1 0 22 1 92 45 13 3 0 54 30 24 0 0 1 1 0.019
63 0 1 9 0 1 23 0 0 1 0 11 5 0 6 1 8 0 16 1 15 0 0 1 0 0.0
60 0 1 23 0 1 87 1 0 1 0 9 1 75 25 1 6 0 12 2 10 0 0 1 0 0.0
49 0 1 17 0 2 63 0 0 1 0 12 4 72 14 1 1 0 17 2 15 0 0 1 0 0.079
143 0 2 3 1 2 292 0 0 0 0 11 1 94 80 4 2 2 27 4 23 0 0 0 0 0.129
48 0 1 17 0 1 144 0 0 1 0 22 1 72 32 2 8 0 26 3 23 0 0 1 0 0.0
145 0 3 7 0 6 552 0 0 1 0 38 2 95 117 3 7 30 131 6 125 0 0 1 0 0.306
147 0 2 12 0 4 102 1 0 1 0 8 2 71 20 2 2 2 34 3 31 0 0 1 0 0.108
44 0 3 18 0 4 159 0 0 1 0 15 4 71 39 1 6 0 36 1 35 0 0 1 0 0.0
52 0 1 4 0 1 78 0 0 0 0 4 1 66 20 4 0 0 13 4 9 0 0 0 0 0.0
142 0 4 17 0 5 195 1 0 1 0 21 4 86 42 1 3 12 62 1 61 0 0 1 0 0.264
50 0 2 13 2 3 200 0 0 1 0 21 2 92 58 2 5 0 40 4 36 0 0 1 0 0.136
108 0 1 4 1 1 100 1 0 1 0 6 2 85 28 3 1 0 13 3 10 1 0 1 0 0.0
105 0 3 9 0 3 108 1 0 1 0 23 1 88 28 1 2 0 26 1 25 0 0 1 0 0.0
104 0 4 21 1 5 150 0 0 1 0 17 1 16 39 1 3 0 36 1 35 0 0 1 0 0.0
103 0 1 2 0 1 179 1 0 1 0 11 2 84 47 7 3 0 36 24 12 0 0 1 0 0.04
102 0 1 3 3 4 68 0 0 1 0 6 3 50 15 1 2 0 28 1 27 0 0 1 0 0.0
99 0 1 4 1 2 377 1 0 1 0 43 1 97 90 6 3 0 54 10 44 0 0 1 0 0.0
100 0 1 17 0 1 40 0 0 1 0 4 6 66 8 1 1 0 8 1 7 0 0 1 0 0.0
98 0 1 14 0 2 79 1 0 1 0 4 3 84 17 3 1 0 13 4 9 0 0 1 0 0.0
97 0 1 23 0 1 22 1 0 1 0 3 2 53 5 3 1 0 6 3 3 0 0 1 0 0.0
95 0 1 1 0 1 39 0 0 0 0 12 4 50 7 0 1 0 14 0 14 0 0 0 0 0.0
94 0 2 6 0 2 62 0 0 1 0 17 3 55 15 1 4 0 19 1 18 0 0 1 0 0.0
92 0 3 26 0 3 210 1 0 1 0 15 1 92 50 12 2 0 59 36 23 0 0 1 0 0.0
91 0 5 14 6 9 296 0 0 1 0 26 1 88 74 3 6 0 47 3 44 0 0 1 0 0.0
88 0 1 5 0 1 17 0 0 0 0 1 3 0 5 1 0 0 3 1 2 0 0 0 0 0.0
195 5 9 85 7 9 540 0 0 1 0 81 20 87 18 7 14 18 212 15 197 0 0 1 0 0.095
194 0 7 36 0 7 209 0 0 1 0 32 10 75 36 1 10 0 56 2 54 0 0 1 1 0.236
197 0 2 20 3 2 24 0 0 1 0 10 1 33 5 3 6 0 27 3 24 0 0 1 0 0.0
191 2 6 40 3 6 80 0 0 1 0 19 5 100 6 9 4 3 91 18 73 0 0 1 1 0.14
190 6 6 32 3 6 120 0 0 1 0 30 4 19 11 1 7 0 63 1 62 0 0 1 0 0.0
192 0 6 15 2 8 337 1 0 1 0 34 8 84 27 1 8 4 79 2 77 0 0 1 0 0.089
199 22 37 228 8 40 1152 1 0 1 0 131 24 50 18 16 16 12 264 34 230 0 0 1 0 0.082
