338 2 10 100 4 21 651 0 0 1 1 80 14 94 36 36 24 9 388 89 299 0 0 1 1 0.094
339 0 3 7 1 3 25 1 0 1 0 8 1 50 5 2 9 1 58 4 54 1 0 1 0 0.033
332 46 54 685 22 107 1680 0 0 1 1 396 127 84 23 76 52 93 1698 367 1331 0 0 1 1 0.272
159 0 1 4 0 1 111 1 0 1 0 18 7 77 25 1 11 0 35 1 34 1 0 1 0 0.0
331 0 1 8 0 5 182 1 0 1 0 13 2 78 42 3 3 0 41 4 37 1 0 1 0 0.0
336 3 7 50 0 11 431 0 0 1 1 64 9 97 89 21 27 15 383 39 344 0 0 1 1 0.094
39 0 1 22 0 1 93 1 0 1 0 2 1 92 26 1 1 0 5 1 4 1 0 1 0 0.0
37 0 1 4 0 2 26 0 0 1 0 0 1 41 7 2 1 0 4 2 2 0 0 1 1 0.091
335 0 5 8 1 9 225 0 0 1 0 24 2 66 6 5 10 4 93 5 88 0 0 1 0 0.082
42 0 1 4 0 1 43 0 0 1 0 3 4 83 12 3 1 0 7 3 4 0 0 1 1 0.039
202 0 2 10 0 5 125 1 0 1 0 21 3 65 17 1 10 5 42 2 40 1 0 1 0 0.189
200 0 3 12 4 7 663 0 0 1 0 42 3 95 144 6 9 32 149 12 137 0 0 1 0 0.297
169 0 1 12 0 3 47 0 0 0 0 8 2 56 11 0 3 0 13 0 13 0 0 0 0 0.0
342 33 58 425 20 116 4039 0 0 1 1 536 79 83 18 271 61 710 5724 2807 2917 0 0 1 1 0.272
343 28 59 470 24 93 2370 0 0 1 1 392 118 0 31 236 89 330 4731 1638 3093 0 0 1 1 0.272
344 2 5 76 5 9 403 0 0 1 0 56 11 72 15 9 14 3 163 15 148 0 0 1 1 0.09
345 0 1 3 0 4 71 0 0 1 0 15 2 70 17 1 6 1 45 1 44 0 0 1 0 0.056
165 0 1 2 0 3 120 1 0 1 0 19 5 94 32 2 7 0 31 3 28 1 0 1 0 0.0
207 0 3 11 0 9 605 0 0 1 0 54 2 91 85 6 12 12 136 6 130 0 0 1 0 0.157
347 9 28 237 11 63 1917 0 0 1 1 291 57 90 27 63 56 46 1271 224 1047 0 0 1 1 0.272
167 0 1 12 0 2 57 0 0 1 0 17 3 50 13 1 7 0 19 1 18 0 0 1 0 0.0
209 0 1 1 0 3 107 0 0 1 0 11 3 64 17 1 3 5 22 1 21 0 0 1 0 0.313
29 0 1 19 0 4 162 1 0 1 0 22 3 88 45 3 9 0 39 3 36 1 0 1 0 0.0
162 0 5 33 2 5 250 0 0 1 0 39 1 78 58 1 10 0 51 1 50 0 0 1 1 0.054
163 0 1 11 1 5 305 0 0 1 0 31 2 77 79 1 9 0 40 1 39 0 0 1 0 0.0
1 0 2 41 2 6 223 0 0 1 0 28 3 40 53 1 7 0 51 1 50 0 0 1 0 0.0
6 0 2 25 2 4 83 1 0 1 0 16 4 82 21 2 7 0 33 3 30 1 0 1 0 0.103
340 0 1 8 1 3 75 0 0 1 0 12 3 80 19 1 8 2 52 1 51 0 0 1 0 0.073
4 0 1 6 0 1 46 0 0 1 0 10 2 66 10 1 5 0 25 1 24 0 0 1 0 0.0
212 0 5 20 0 7 70 0 0 1 0 12 3 0 12 1 6 2 32 1 31 0 0 1 0 0.111
210 0 3 4 1 5 1007 1 0 1 0 8 1 0 76 14 10 134 588 27 561 1 0 1 0 0.329
318 0 1 8 1 4 177 0 0 1 0 32 2 90 47 2 8 0 60 2 58 0 0 1 0 0.0
319 0 2 20 0 5 119 1 0 1 0 17 1 83 25 1 5 0 54 2 52 1 0 1 0 0.0
213 0 1 8 0 3 171 0 0 1 0 21 2 76 32 2 5 4 45 6 39 0 0 1 0 0.151
314 8 9 59 1 14 239 0 0 1 0 28 5 80 45 3 9 1 44 7 37 0 0 1 0 0.043
17 0 1 7 3 4 475 0 0 1 0 42 4 97 138 14 12 0 82 31 51 0 0 1 0 0.0
315 7 23 116 7 45 889 0 0 1 1 153 36 36 15 95 38 74 1255 308 947 0 0 1 1 0.272
312 2 4 24 1 6 152 0 0 1 0 18 7 52 14 1 7 0 64 2 62 0 0 1 0 0.0
15 0 5 16 1 6 252 0 0 1 0 39 1 78 58 1 9 0 50 1 49 0 0 1 0 0.0
218 0 1 2 1 3 256 0 0 0 0 17 1 92 72 12 0 2 40 20 20 0 0 1 0 0.075
313 0 2 21 2 7 201 0 0 1 1 28 5 78 22 75 14 31 421 177 244 0 0 1 1 0.13
311 0 3 24 0 3 119 1 0 1 0 14 3 80 24 2 3 4 36 5 31 0 0 1 1 0.09
175 0 1 5 1 5 186 0 0 1 0 18 1 16 50 1 6 0 39 1 38 0 0 1 0 0.0
172 0 1 15 1 2 79 1 0 1 0 5 3 84 17 2 2 0 13 4 9 1 0 1 0 0.0
220 0 1 8 0 6 319 1 0 1 0 28 3 87 73 3 7 5 50 3 47 1 0 1 0 0.167
221 0 1 8 0 2 113 0 0 1 0 15 2 79 17 1 9 2 34 1 33 0 0 1 0 0.105
223 0 5 20 1 7 135 1 0 1 0 16 3 40 19 1 7 7 40 1 39 1 0 1 0 0.259
224 0 1 8 0 2 170 0 0 0 0 17 1 88 38 0 4 2 32 0 32 0 0 0 0 0.111
328 0 4 32 3 12 284 0 0 1 0 37 3 82 26 9 10 0 72 12 60 0 0 1 0 0.0
228 0 1 2 1 2 250 0 0 0 0 13 2 93 34 0 6 22 132 0 132 0 0 0 0 0.253
188 0 1 1 1 2 204 1 0 1 0 38 1 91 46 1 9 5 54 2 52 1 0 1 0 0.156
323 0 3 14 2 5 27 0 0 1 0 10 3 64 7 3 9 2 41 3 38 0 0 1 1 0.094
324 15 18 110 0 35 474 0 0 1 0 105 26 66 3 20 18 24 353 46 307 0 0 1 0 0.123
326 33 51 419 19 124 2863 0 0 1 1 442 96 53 22 55 55 55 1627 144 1483 0 0 1 1 0.272
322 0 1 6 0 1 43 0 0 1 0 3 2 0 15 16 3 5 115 27 88 0 0 1 0 0.066
183 0 1 6 2 1 47 0 0 1 0 7 1 0 14 1 6 0 11 1 10 0 0 1 0 0.0
116 0 1 6 0 1 58 0 0 1 0 13 2 43 14 2 2 0 24 2 22 0 0 1 0 0.0
117 0 1 7 0 1 264 0 0 0 0 5 1 75 77 1 0 0 7 1 6 0 0 0 0 0.0
79 0 2 13 3 5 475 1 0 1 0 86 1 73 131 1 27 0 98 2 96 1 0 1 0 0.0
114 0 1 1 2 2 222 0 0 1 0 6 1 94 55 5 1 0 23 11 12 0 0 1 0 0.0
78 0 1 11 0 1 122 0 0 1 0 12 3 85 30 1 4 0 20 3 17 0 0 1 0 0.0
113 0 1 6 0 2 45 0 0 0 0 5 2 73 11 0 2 0 6 0 6 0 0 0 0 0.0
118 0 3 21 0 5 115 1 0 1 0 18 4 75 28 2 11 0 30 2 28 1 0 1 0 0.0
87 0 2 9 4 6 216 0 0 1 0 22 4 89 45 1 9 0 45 1 44 0 0 1 0 0.0
85 0 1 7 0 1 51 1 0 1 0 6 1 61 16 1 2 0 10 1 9 1 0 1 0 0.0
128 0 2 8 0 4 94 1 0 1 0 7 3 64 24 1 7 0 20 1 19 1 0 1 0 0.0
301 7 11 100 14 27 1425 1 0 1 0 127 19 74 24 18 22 30 351 48 303 1 0 1 0 0.144
306 3 3 15 4 8 133 1 1 1 0 19 5 70 9 3 11 2 74 3 71 1 1 1 0 0.062
305 0 1 8 1 4 82 0 0 1 0 6 3 61 17 1 5 0 38 2 36 0 0 1 0 0.0
307 15 28 169 9 44 2504 1 0 1 0 282 9 93 33 14 46 2 361 29 332 1 0 1 0 0.011
309 2 2 38 0 3 94 0 0 1 0 25 5 60 11 6 11 0 43 7 36 0 0 1 0 0.0
70 0 1 4 0 1 47 0 0 1 0 9 2 0 13 1 4 0 17 1 16 0 0 1 0 0.0
73 0 1 11 1 3 50 1 0 1 0 19 3 0 14 2 12 0 31 4 27 1 0 1 0 0.0
137 0 1 19 0 3 110 1 1 1 0 23 2 91 33 1 17 0 44 2 42 1 1 1 0 0.0
65 0 12 45 10 18 1197 0 0 1 1 121 2 98 268 37 28 0 296 169 127 0 0 1 1 0.0
60 0 1 6 2 2 70 1 0 0 0 5 1 83 17 3 0 0 10 3 7 1 0 0 0 0.0
131 0 1 22 0 1 29 0 0 1 0 6 3 60 6 4 6 0 18 6 12 0 0 1 0 0.0
143 0 2 13 0 2 78 0 0 1 0 19 3 76 17 1 8 0 25 1 24 0 0 1 0 0.0
48 0 1 3 0 1 64 1 0 1 0 8 2 70 15 1 4 0 11 2 9 1 0 1 0 0.0
146 0 1 2 0 3 52 1 0 1 0 6 2 53 15 3 5 0 17 4 13 1 0 1 0 0.0
147 0 3 33 0 4 61 0 0 1 0 13 3 66 15 1 5 0 22 1 21 0 0 1 0 0.0
44 0 3 10 0 5 295 0 0 1 0 25 3 97 80 4 10 0 46 5 41 0 0 1 0 0.0
47 0 1 11 1 3 89 0 0 1 0 12 4 50 20 2 5 0 21 2 19 0 0 1 0 0.0
52 0 1 6 0 2 48 1 0 0 0 5 1 71 14 2 0 0 8 3 5 1 0 0 0 0.0
53 0 1 12 0 1 117 0 0 0 0 15 1 0 29 0 2 0 28 0 28 1 0 1 0 0.024
54 0 1 27 0 1 48 1 0 1 0 17 3 0 11 1 5 0 22 4 18 1 0 1 0 0.0
140 0 4 57 1 5 75 1 0 1 0 17 4 80 19 1 6 0 28 6 22 1 0 1 0 0.0
285 0 1 7 0 4 276 0 0 1 1 49 3 84 70 9 22 1 111 14 97 0 0 1 1 0.079
284 17 17 459 4 17 288 0 0 1 0 129 57 43 13 2 9 23 177 13 164 0 0 1 0 0.153
283 0 1 8 3 5 508 1 0 1 0 35 1 94 31 4 15 15 247 13 234 1 0 1 0 0.08
282 0 3 11 0 7 86 1 0 0 0 13 3 38 16 5 0 0 26 5 21 1 0 0 0 0.0
289 0 3 42 3 6 246 0 0 1 0 32 2 0 20 17 11 3 168 44 124 0 0 1 0 0.025
270 5 5 35 0 11 297 0 0 1 0 52 13 60 18 2 11 11 135 4 131 0 0 1 0 0.142
273 8 0 8 5 20 339 1 0 1 0 29 6 72 22 1 8 10 147 2 145 1 0 1 0 0.113
275 2 3 23 0 5 548 1 1 1 0 20 4 92 59 10 6 2 74 19 55 1 1 1 0 0.051
276 0 2 7 2 4 340 1 0 0 0 33 1 82 43 0 8 23 141 0 141 1 0 0 0 0.245
279 0 1 1 1 4 40 0 0 1 1 6 5 60 10 168 7 5 1069 1008 61 0 0 1 1 0.009
108 0 1 2 1 1 48 0 0 0 0 11 3 75 8 1 0 0 24 1 23 0 0 1 0 0.0
99 0 2 8 0 4 39 0 0 1 0 11 1 62 9 2 7 0 22 3 19 0 0 1 0 0.0
102 0 7 23 1 10 462 0 0 1 0 43 3 95 127 25 9 0 108 56 52 0 0 1 0 0.0
97 0 2 3 2 4 185 1 0 1 0 12 3 81 62 3 7 0 28 3 25 1 0 1 0 0.0
95 0 1 1 2 3 272 0 0 1 0 24 1 91 81 1 5 0 37 1 36 0 0 1 0 0.0
92 0 8 42 3 9 670 1 0 1 0 41 3 97 173 13 19 0 89 18 71 1 0 1 0 0.0
294 0 2 8 2 4 74 1 0 1 0 12 3 0 6 10 11 2 73 17 56 1 0 1 0 0.051
293 10 10 270 2 10 463 0 0 1 0 73 24 0 3 1 6 8 123 11 112 0 0 1 0 0.114
296 3 3 21 0 6 102 0 0 1 0 14 5 0 6 3 8 3 72 12 60 0 0 1 0 0.076
295 2 2 14 0 5 124 0 0 1 0 22 4 66 12 2 5 0 40 4 36 0 0 1 0 0.0
290 0 3 32 4 7 752 1 0 1 0 51 8 84 30 2 12 4 108 2 106 1 0 1 0 0.088
297 7 9 149 3 13 690 0 0 1 0 78 16 92 36 21 18 18 303 44 259 0 0 1 1 0.105
299 0 3 14 2 5 269 0 0 1 0 21 3 88 34 15 4 0 49 21 28 0 0 1 0 0.0
88 0 1 15 2 3 420 1 1 1 0 30 3 96 112 5 9 0 55 19 36 1 1 1 0 0.0
89 0 2 4 0 5 133 0 0 1 0 22 2 73 31 2 9 0 34 2 32 0 0 1 0 0.0
241 0 7 39 2 12 742 0 0 1 0 19 1 97 181 7 6 16 102 10 92 0 0 1 0 0.239
195 0 1 1 0 2 38 0 0 1 0 5 3 0 2 1 3 2 29 1 28 0 0 1 1 0.272
194 0 4 21 2 5 373 1 0 1 0 47 2 89 58 2 15 4 111 3 108 1 0 1 0 0.081
197 0 3 40 0 3 64 1 0 1 0 17 5 62 16 2 7 2 28 2 26 1 0 1 0 0.125
196 0 1 15 4 4 211 0 0 1 0 28 3 70 43 1 7 2 50 1 49 0 0 1 0 0.069
192 0 1 6 0 4 109 1 0 1 0 12 2 72 18 1 3 2 19 2 17 1 0 1 0 0.167
198 0 2 13 0 4 249 1 0 1 0 25 4 89 54 1 8 12 70 1 69 1 0 1 0 0.258
245 0 1 9 1 4 309 1 0 1 0 34 2 91 82 2 5 2 55 3 52 1 0 1 0 0.068
242 0 1 6 4 1 164 1 0 1 0 9 1 100 13 1 4 22 72 1 71 1 0 1 0 0.424
249 0 3 8 1 7 293 1 0 1 0 27 2 87 45 1 8 7 69 1 68 1 0 1 0 0.167
246 0 1 1 0 2 108 1 0 1 0 7 1 58 15 1 1 16 50 1 49 1 0 1 0 0.39
231 0 1 8 1 5 94 0 0 0 0 14 1 70 18 0 5 5 38 0 38 0 0 0 0 0.208
236 0 1 12 3 3 214 0 0 1 0 18 4 81 50 1 9 2 48 1 47 0 0 1 0 0.074
263 1 2 10 0 4 65 0 0 0 0 7 1 80 15 4 0 1 25 7 18 0 0 0 0 0.074
260 0 2 27 2 2 97 0 0 1 0 26 2 0 13 1 8 0 51 2 49 0 0 1 0 0.0
268 4 7 94 3 11 291 1 0 1 0 40 8 91 37 11 10 0 93 28 65 1 0 1 0 0.0
265 0 1 19 2 1 49 0 0 1 0 15 3 84 14 2 6 1 46 2 44 0 0 1 0 0.269
250 0 3 20 0 4 93 1 0 1 0 10 2 77 12 1 5 5 17 1 16 1 0 1 0 0.333
351 2 5 57 0 8 168 0 0 1 0 34 5 65 13 45 17 10 376 105 271 0 0 1 1 0.054
352 2 3 5 0 9 1046 0 0 1 0 68 2 52 117 3 10 5 102 3 99 0 0 1 0 0.143
258 6 6 50 5 8 401 1 0 1 0 22 3 91 60 12 6 1 44 22 22 1 0 1 0 0.04
254 0 3 20 3 9 488 0 0 1 0 48 1 86 125 5 7 2 65 7 58 0 0 1 0 0.055
