35 0 1 10 1 3 112 0 0 1 0 10 1 92 32 4 1 0 19 4 15 1 0 1 0 0.0
36 0 1 2 0 1 135 0 0 1 0 22 3 64 31 1 5 0 35 1 34 0 0 1 0 0.0
159 0 3 14 2 5 574 0 0 1 0 36 2 95 121 4 9 30 136 9 127 0 0 1 0 0.302
157 0 1 1 1 1 302 0 0 0 0 11 1 94 82 4 2 2 27 4 23 0 0 0 0 0.129
156 0 1 7 0 3 236 0 0 1 0 23 4 88 51 1 7 12 67 1 66 1 0 1 0 0.264
152 0 4 17 10 4 284 0 0 1 0 39 2 90 44 2 12 2 85 3 82 1 0 1 0 0.07
150 0 2 2 0 5 391 0 0 1 0 41 1 94 86 2 12 10 89 2 87 1 0 1 0 0.171
43 0 2 8 1 2 151 0 0 1 0 12 1 80 23 2 4 0 21 2 19 1 0 1 0 0.0
40 0 1 2 0 1 232 0 0 1 0 9 1 94 65 3 2 0 22 5 17 0 0 1 0 0.0
202 0 2 4 5 4 238 0 1 1 0 15 1 93 62 4 6 1 47 11 36 1 1 1 0 0.038
205 0 4 35 1 4 227 0 0 1 0 48 3 83 57 7 18 2 81 9 72 0 0 1 1 0.327
201 0 1 4 0 1 9 0 0 1 0 2 1 0 2 1 3 0 24 2 22 1 0 1 0 0.0
23 0 1 7 0 3 196 0 0 1 0 18 4 76 48 1 9 0 40 1 39 0 0 1 0 0.0
169 0 5 29 11 7 219 0 0 1 0 36 2 85 49 3 10 4 72 8 64 0 0 1 0 0.126
24 0 3 15 3 3 80 0 0 1 0 14 2 83 21 1 3 0 22 1 21 0 0 1 1 0.327
206 2 2 12 2 2 190 0 0 1 0 18 6 66 15 1 7 2 68 2 66 1 0 1 0 0.129
166 0 1 2 0 1 158 0 0 1 0 10 3 40 13 1 6 2 29 1 28 1 0 1 0 0.121
207 0 4 28 17 6 281 0 0 1 0 44 10 73 16 9 9 0 104 29 75 1 0 1 0 0.0
165 0 3 17 2 6 212 0 0 1 0 16 2 88 32 2 6 2 42 2 40 1 0 1 0 0.078
29 0 2 9 0 2 26 0 0 1 0 3 4 71 7 2 1 0 5 2 3 0 0 1 0 0.0
30 0 1 5 1 3 319 0 0 1 0 28 3 97 85 5 9 0 54 7 47 0 0 1 0 0.0
6 0 8 48 14 13 628 0 0 1 1 70 2 96 161 3 24 0 100 4 96 0 0 1 1 0.327
8 0 1 16 10 3 74 0 0 1 0 14 4 81 18 1 6 0 30 8 22 0 0 1 1 0.327
212 4 5 51 0 6 675 0 0 0 0 61 4 81 80 1 7 0 73 2 71 0 0 1 0 0.0
210 1 1 3 7 2 500 0 0 1 0 24 2 90 106 6 9 35 172 16 156 0 0 1 0 0.287
215 2 2 10 1 2 161 0 0 1 0 27 4 72 14 1 6 10 45 2 43 1 0 1 0 0.263
216 0 4 19 0 5 52 0 0 1 0 0 2 87 14 5 2 0 26 11 15 1 0 1 0 0.0
213 2 9 57 0 12 394 0 0 1 1 73 9 85 33 79 21 25 561 280 281 0 0 1 1 0.327
179 0 2 15 3 2 280 0 0 1 0 36 2 89 71 3 2 2 56 3 53 1 0 1 0 0.063
219 0 2 12 3 2 223 0 0 1 0 28 6 56 24 4 7 5 67 4 63 0 0 1 0 0.124
177 0 4 20 4 5 680 0 0 1 1 54 1 95 208 111 7 6 342 270 72 0 0 1 1 0.03
218 8 6 20 0 9 179 0 0 1 0 24 9 0 8 3 2 9 125 13 112 0 0 1 1 0.327
176 0 6 24 7 6 745 0 0 1 0 8 1 0 61 11 8 106 447 26 421 1 0 1 0 0.319
16 0 1 8 0 1 76 0 0 1 0 7 1 85 20 6 3 0 31 10 21 1 0 1 0 0.0
13 0 2 16 0 2 76 0 1 1 0 9 1 57 23 2 4 0 19 2 17 1 1 1 0 0.0
11 0 3 7 1 4 357 0 0 1 0 39 3 97 106 11 12 0 77 30 47 0 0 1 0 0.0
170 0 1 2 0 1 195 0 0 1 0 21 2 89 44 5 9 2 53 7 46 1 0 1 0 0.069
20 0 2 11 0 2 139 1 0 1 0 21 2 90 41 3 8 0 38 4 34 1 0 1 0 0.0
171 0 1 1 0 1 338 0 0 1 0 30 1 59 80 1 9 2 51 1 50 0 0 1 0 0.147
174 0 1 1 2 1 61 0 0 1 0 12 4 33 10 1 4 2 23 1 22 0 0 1 1 0.327
172 0 3 12 0 4 905 0 0 1 0 19 1 98 199 10 6 44 157 18 139 0 0 1 0 0.358
173 0 1 3 0 2 76 0 0 1 0 10 3 59 10 1 2 5 19 1 18 0 0 1 0 0.313
220 0 1 5 8 1 267 0 0 1 0 21 5 89 56 1 5 4 82 2 80 1 0 1 0 0.072
223 5 6 23 0 6 89 0 0 1 0 22 5 50 9 2 11 0 61 4 57 0 0 1 0 0.077
224 2 12 90 11 15 1011 0 0 1 0 106 15 37 23 17 19 11 246 37 209 1 0 1 0 0.17
225 4 4 32 5 4 169 0 0 1 0 65 24 88 13 2 5 6 113 2 111 1 0 1 0 0.078
227 1 6 24 1 11 394 0 0 1 0 42 3 93 72 18 18 17 324 45 279 0 0 1 0 0.11
181 0 1 11 1 3 687 0 0 0 0 26 1 89 43 0 11 82 136 0 136 1 0 0 0 0.552
10 0 1 1 0 1 18 0 0 0 0 3 1 60 5 1 3 0 7 1 6 0 0 0 0 0.0
183 0 4 7 0 5 143 0 0 1 0 27 1 94 36 1 3 5 35 2 33 0 0 1 0 0.217
184 0 5 36 8 6 208 0 0 1 0 26 2 78 31 1 8 5 57 1 56 1 0 1 0 0.141
185 0 1 7 2 3 246 0 0 1 0 34 1 91 55 11 3 4 62 12 50 1 0 1 0 0.11
186 0 1 4 0 1 234 0 0 0 0 16 1 92 66 13 0 2 42 23 19 0 0 0 0 0.093
78 0 2 5 0 2 134 0 0 1 0 18 1 93 41 1 8 0 23 1 22 1 0 1 0 0.0
115 0 2 9 0 2 70 0 0 1 0 11 6 75 14 1 5 0 24 1 23 1 0 1 0 0.0
113 0 1 1 0 1 41 0 0 1 0 3 3 83 11 2 1 0 5 2 3 0 0 1 0 0.0
111 0 1 1 0 1 126 0 0 1 0 15 1 77 29 9 1 0 33 14 19 0 0 1 0 0.0
119 0 1 1 2 1 382 0 0 1 0 30 1 83 94 3 11 0 52 3 49 0 0 1 0 0.0
82 0 1 6 1 1 177 0 0 1 0 6 1 93 46 5 1 0 18 6 12 0 0 1 0 0.0
83 0 1 2 0 3 98 0 0 1 0 12 4 75 25 2 8 0 21 2 19 1 0 1 0 0.0
81 0 1 1 1 1 151 1 0 1 0 31 1 89 36 1 6 0 38 1 37 1 0 1 0 0.0
87 0 2 9 0 2 64 0 0 1 0 11 1 87 13 1 5 0 23 1 22 0 0 1 0 0.0
84 0 3 10 1 3 133 0 0 1 0 7 1 93 38 5 1 0 19 6 13 0 0 1 0 0.0
85 0 1 1 0 1 51 0 0 1 0 14 2 62 13 2 5 0 24 2 22 0 0 1 0 0.0
125 0 2 12 6 2 395 0 0 1 0 45 1 97 94 6 7 0 57 10 47 1 0 1 0 0.021
67 0 2 2 2 2 127 0 0 1 0 29 3 79 29 1 9 0 41 1 40 0 0 1 0 0.017
66 0 1 10 1 1 53 0 0 1 0 8 2 44 14 1 3 0 14 1 13 0 0 1 0 0.0
128 0 2 8 1 2 62 0 0 1 0 13 2 78 15 2 8 0 24 4 20 1 0 1 0 0.0
123 0 1 3 0 1 58 0 0 1 0 16 3 66 14 1 5 0 20 1 19 1 0 1 0 0.0
120 0 2 9 1 2 209 0 0 1 0 15 1 93 50 15 5 0 60 39 21 1 0 1 0 0.0
74 0 3 15 4 5 401 0 0 1 0 35 3 95 108 18 7 0 80 34 46 0 0 1 0 0.0
59 0 1 4 1 1 326 1 1 1 0 8 1 50 90 2 6 0 12 2 10 1 1 1 0 0.0
57 0 1 8 6 1 314 0 0 1 1 62 1 70 88 2 22 0 72 2 70 1 0 1 0 0.0
64 0 1 1 0 1 12 0 0 1 0 9 2 0 2 1 4 0 14 2 12 0 0 1 0 0.11
65 0 2 12 1 2 631 0 0 1 0 31 2 96 167 9 15 0 70 13 57 1 0 1 0 0.0
62 0 1 1 13 3 272 0 1 1 0 27 3 94 72 4 6 0 46 15 31 1 1 1 0 0.0
60 0 1 1 0 1 43 0 0 0 0 7 1 78 11 0 4 0 21 0 21 0 0 0 0 0.0
61 0 1 7 0 1 84 0 0 1 0 14 2 85 21 4 9 0 29 6 23 0 0 1 0 0.0
48 0 2 3 0 2 52 0 0 1 0 10 3 0 11 1 6 0 23 1 22 0 0 1 0 0.0
145 0 1 1 0 2 303 0 0 1 0 32 3 81 81 3 12 6 79 3 76 0 0 1 0 0.132
148 0 1 1 0 1 307 0 0 1 0 40 1 93 73 3 11 8 81 3 78 1 0 1 0 0.165
149 0 2 8 1 2 251 0 0 1 0 23 3 82 52 1 9 2 58 1 57 1 0 1 0 0.065
47 0 9 63 12 11 978 0 0 1 1 105 2 98 209 35 25 0 257 144 113 0 0 1 1 0.0
52 0 2 2 1 2 65 0 0 1 0 7 1 88 16 1 5 0 14 1 13 0 0 1 0 0.0
140 0 1 14 4 2 286 0 0 1 0 35 1 71 78 4 4 0 45 5 40 0 0 1 0 0.0
142 0 1 1 0 1 201 0 0 1 0 18 1 85 46 2 10 4 62 2 60 0 0 1 0 0.113
141 0 2 7 6 3 260 0 0 1 0 25 1 89 51 4 9 4 64 4 60 0 0 1 0 0.098
50 0 1 1 0 1 50 1 0 1 0 18 3 0 14 1 12 0 28 2 26 1 0 1 0 0.0
105 0 2 25 0 2 83 0 0 0 0 22 1 89 25 1 4 0 30 2 28 0 0 1 0 0.0
96 0 1 18 0 1 31 0 0 0 0 32 1 0 19 1 3 0 36 2 34 0 0 1 0 0.0
95 0 1 8 0 1 142 0 0 1 0 23 1 72 32 2 9 0 26 3 23 0 0 1 0 0.0
94 0 1 8 0 1 112 0 0 1 0 12 3 90 31 5 6 0 37 12 25 1 0 1 0 0.0
93 0 1 8 0 2 55 0 0 1 0 10 2 75 14 1 4 0 19 1 18 0 0 1 1 0.327
92 0 1 2 0 1 27 0 0 1 0 6 3 60 6 2 4 0 16 5 11 0 0 1 0 0.0
90 0 1 5 0 1 96 0 0 1 0 7 3 69 24 1 7 0 20 1 19 1 0 1 0 0.0
89 0 2 9 0 2 333 0 0 1 0 29 1 59 85 1 8 0 38 1 37 0 0 1 0 0.0
240 0 3 9 0 4 157 0 0 1 0 29 1 90 43 1 7 0 52 1 51 0 0 1 1 0.327
241 0 1 1 0 2 90 0 0 1 0 17 1 90 23 1 5 0 51 2 49 1 0 1 0 0.0
195 0 1 2 1 2 46 0 0 1 0 9 1 0 12 1 7 0 28 1 27 0 0 1 0 0.0
194 4 5 51 0 5 185 0 0 0 0 44 2 70 16 0 8 0 55 0 55 0 0 1 1 0.327
197 2 2 16 0 2 262 0 0 1 0 28 4 0 32 1 9 0 35 1 34 1 0 1 0 0.0
191 2 5 29 0 6 396 0 0 1 0 23 3 91 59 9 6 1 48 26 22 1 0 1 0 0.045
198 1 2 9 0 2 240 0 0 1 0 15 1 92 67 4 8 1 27 6 21 1 0 1 0 0.065
199 4 0 4 0 4 55 0 0 1 0 7 7 66 7 2 4 0 25 4 21 1 0 1 0 0.0
243 0 1 5 2 1 219 0 1 1 0 13 1 92 31 1 8 7 62 2 60 1 1 1 0 0.187
247 0 1 5 4 1 92 0 0 1 0 18 2 86 25 3 10 2 97 5 92 0 0 1 1 0.327
246 2 3 17 0 3 75 0 0 1 0 18 5 88 17 5 13 3 65 6 59 0 0 1 0 0.083
232 2 3 22 3 3 164 0 0 1 0 32 5 46 19 1 14 0 86 1 85 1 0 1 0 0.0
231 7 7 58 3 7 191 0 1 1 0 29 8 70 9 3 11 2 74 3 71 1 1 1 0 0.051
233 0 1 8 0 1 30 0 0 1 0 12 1 33 5 6 11 0 34 6 28 0 0 1 0 0.0
235 0 1 2 1 1 26 0 0 1 0 7 2 0 4 2 3 0 34 3 31 0 0 1 1 0.327
238 4 14 72 22 20 1205 0 0 1 1 123 4 93 39 93 31 2 527 347 180 1 0 1 0 0.006
263 60 77 498 26 108 3594 0 0 1 1 619 161 0 6 215 82 917 5946 2217 3729 0 0 1 1 0.327
260 0 2 8 0 2 144 0 0 1 0 32 9 77 20 6 14 4 116 8 108 0 0 1 0 0.064
261 3 3 27 3 3 140 0 0 1 0 29 5 80 13 1 3 2 52 1 51 1 0 1 0 0.069
251 3 10 40 6 12 438 0 0 1 0 36 10 78 14 20 19 41 368 38 330 0 0 1 1 0.327
258 0 1 9 2 1 122 0 0 1 0 11 1 76 33 34 7 8 158 79 79 0 0 1 0 0.099
257 2 3 20 2 3 220 0 0 1 1 21 6 70 15 92 14 3 507 317 190 0 0 1 1 0.327
259 0 3 16 1 4 241 0 0 1 0 34 3 82 26 8 13 1 99 11 88 0 0 1 1 0.327
254 1 3 26 6 6 230 0 0 1 1 45 11 88 21 136 18 9 927 807 120 0 0 1 1 0.02
255 10 25 159 9 30 1461 0 0 1 1 246 25 61 49 54 29 20 749 170 579 0 0 1 1 0.327
