36 0 4 7 0 5 43 0 0 1 0 3 4 83 12 3 1 0 7 3 4 0 0 1 0 0.0
156 0 1 3 3 1 74 0 0 1 0 13 6 33 18 1 8 0 22 1 21 0 0 1 0 0.0
154 0 2 34 0 2 90 0 0 1 0 21 2 83 22 1 8 0 30 2 28 0 0 1 0 0.0
38 0 4 60 0 4 132 1 0 1 0 22 4 82 32 2 5 0 32 3 29 0 0 1 1 0.067
43 0 1 5 1 1 56 1 0 1 0 7 2 70 15 1 4 0 9 2 7 1 0 1 0 0.0
42 0 2 32 0 2 80 0 0 1 0 12 4 46 17 2 3 0 21 2 19 0 0 1 0 0.0
41 0 1 5 0 1 59 1 0 1 0 11 1 70 15 4 2 0 19 6 13 1 0 1 0 0.0
40 0 1 6 0 1 52 0 0 1 0 9 1 75 13 3 1 0 18 7 11 0 0 1 0 0.0
203 0 9 47 4 16 541 1 0 1 0 46 2 93 86 1 9 19 119 1 118 1 0 1 0 0.239
204 0 1 19 0 2 83 0 0 1 0 11 3 59 11 1 2 5 22 1 21 0 0 1 0 0.313
201 0 3 26 10 5 391 0 0 1 0 33 1 59 83 1 8 5 58 1 57 0 0 1 0 0.147
24 0 4 4 4 4 132 1 0 1 0 22 2 89 39 3 6 0 39 4 35 1 0 1 0 0.0
166 0 1 16 0 1 87 0 0 1 0 9 2 71 14 1 3 4 49 1 48 0 0 1 0 0.14
206 0 3 7 2 3 900 1 0 1 0 8 1 0 71 10 8 124 530 27 503 1 0 1 0 0.314
207 0 9 61 2 10 722 0 0 1 1 60 1 95 225 119 4 6 382 305 77 0 0 1 1 0.029
208 0 4 5 0 6 108 0 0 0 0 6 2 58 20 1 1 2 48 9 39 0 0 0 0 0.078
168 0 2 23 0 2 82 0 0 1 0 15 2 65 19 3 8 2 33 6 27 0 0 1 0 0.105
209 0 4 5 0 6 143 0 0 1 0 23 2 75 29 3 4 2 47 7 40 0 0 1 0 0.148
161 0 1 5 0 1 36 0 0 1 0 7 1 25 7 3 2 0 14 3 11 0 0 1 1 0.127
3 0 8 44 1 11 339 0 0 1 0 17 1 96 97 7 3 0 45 10 35 0 0 1 0 0.0
2 0 1 3 0 1 20 0 0 1 0 5 1 33 5 2 2 0 12 2 10 0 0 1 1 0.09
162 0 4 24 1 6 296 0 0 1 0 36 1 72 82 6 4 0 48 7 41 0 0 1 0 0.0
163 0 3 17 3 3 295 0 0 1 0 28 1 90 55 4 6 4 74 5 69 0 0 1 0 0.151
164 0 2 2 1 2 207 0 0 1 0 19 1 85 48 2 6 4 63 2 61 0 0 1 0 0.116
0 0 3 12 6 3 178 0 0 1 0 24 3 41 44 1 8 0 45 1 44 0 0 1 0 0.0
7 0 4 71 1 4 111 1 0 1 0 16 4 89 28 1 5 0 27 4 23 1 0 1 0 0.0
30 0 4 25 0 4 117 1 0 1 0 13 3 80 23 3 5 0 35 3 32 1 0 1 0 0.0
4 0 1 3 4 1 102 0 0 1 0 16 1 4 23 2 5 0 19 2 17 0 0 1 0 0.0
212 0 2 16 0 2 792 1 0 0 0 26 1 88 47 0 9 90 146 0 146 1 0 0 0 0.552
210 0 1 1 2 1 297 1 0 1 0 38 2 90 76 2 5 2 59 3 56 1 0 1 0 0.063
215 0 10 47 1 10 208 0 0 1 0 21 4 75 35 3 9 4 69 3 66 0 0 1 0 0.1
179 0 4 42 4 10 351 1 0 1 0 45 2 89 54 2 10 4 107 3 104 1 0 1 0 0.068
219 0 3 18 3 4 253 1 0 1 0 33 1 91 57 12 3 4 65 16 49 1 0 1 0 0.098
178 0 1 25 0 1 151 1 0 0 0 5 1 81 29 1 2 2 14 1 13 1 0 0 0 0.222
16 0 3 29 0 4 63 1 1 0 0 16 1 75 15 0 5 0 21 0 21 1 1 0 0 0.0
218 0 5 10 0 8 364 0 0 0 0 18 2 88 60 0 8 16 119 0 119 0 0 0 0 0.212
176 0 2 27 0 4 59 0 0 1 0 14 2 33 9 1 2 5 24 1 23 0 0 1 0 0.294
13 0 1 2 0 1 40 0 0 0 0 9 1 50 7 1 3 0 22 3 19 0 0 0 0 0.0
12 0 1 11 5 3 368 0 0 1 0 38 3 97 110 13 10 0 77 31 46 0 0 1 0 0.0
170 0 1 11 0 1 57 0 0 1 0 9 3 62 14 4 3 2 24 5 19 1 0 1 0 0.045
175 0 1 1 1 4 437 1 0 1 0 47 1 94 95 2 8 10 97 3 94 1 0 1 0 0.179
172 0 1 18 0 1 170 0 0 0 0 17 1 88 38 0 3 2 32 0 32 0 0 0 0 0.111
173 0 2 34 0 2 307 1 0 1 0 40 1 93 73 2 8 8 81 3 78 1 0 1 0 0.165
220 0 1 2 3 1 243 0 0 0 0 16 1 92 69 12 0 2 39 20 19 0 0 0 0 0.095
223 0 2 3 0 4 473 0 0 1 0 48 1 88 124 3 8 2 65 7 58 0 0 1 0 0.058
226 2 5 51 0 5 140 1 0 1 0 28 2 0 12 3 2 0 43 9 34 1 0 1 0 0.0
227 0 1 20 0 1 221 1 0 1 0 15 1 91 59 9 6 1 42 20 22 1 0 1 0 0.044
228 2 3 17 1 3 140 0 0 1 0 38 3 0 13 1 5 0 51 2 49 0 0 1 1 0.127
180 0 6 21 1 8 135 0 0 1 0 15 2 85 32 1 4 2 42 1 41 0 0 1 0 0.087
183 0 4 46 0 4 87 0 0 1 0 13 2 65 19 4 6 4 49 5 44 0 0 1 1 0.127
185 0 2 13 0 2 75 1 0 1 0 5 4 63 13 3 4 2 15 3 12 1 0 1 0 0.211
116 0 1 27 1 1 70 1 0 1 0 15 4 79 17 1 3 0 26 6 20 1 0 1 0 0.0
79 0 5 37 1 6 384 1 1 1 0 30 3 96 101 4 8 0 55 19 36 1 1 1 0 0.0
78 0 1 4 1 1 209 0 0 1 0 21 4 87 44 1 6 0 44 1 43 0 0 1 0 0.047
113 0 3 16 0 3 107 1 1 1 0 23 2 91 32 1 11 0 44 2 42 1 1 1 0 0.0
118 0 2 11 0 2 44 1 0 1 0 8 1 33 9 1 4 0 22 1 21 1 0 1 0 0.0
119 0 2 7 1 2 24 0 0 1 0 11 5 0 6 1 7 0 16 1 15 0 0 1 0 0.0
80 0 1 1 4 1 641 1 0 1 0 33 2 97 170 9 14 0 72 14 58 1 0 1 0 0.0
86 0 3 37 4 4 404 0 0 1 0 38 3 95 108 18 7 0 89 42 47 0 0 1 0 0.0
87 0 2 17 0 2 66 0 0 0 0 15 1 75 16 0 5 0 25 0 25 0 0 0 0 0.0
67 0 1 16 0 1 87 0 0 1 0 16 1 82 19 1 3 0 36 2 34 0 0 1 0 0.0
126 0 1 7 0 1 318 1 1 1 0 16 1 65 79 2 6 0 20 2 18 1 1 1 0 0.0
69 0 1 11 1 1 215 1 0 1 0 26 1 82 35 1 6 0 27 1 26 1 0 1 0 0.0
121 0 1 25 0 1 167 1 0 0 0 9 1 66 43 1 0 0 8 1 7 1 0 0 0 0.0
302 2 6 25 5 6 169 0 0 1 0 14 7 91 28 18 8 5 145 27 118 0 0 1 0 0.068
122 0 4 11 0 4 99 0 0 1 0 23 1 88 29 2 3 0 33 3 30 0 0 1 0 0.0
304 3 3 9 0 3 150 1 0 1 0 29 5 82 15 1 2 2 54 1 53 1 0 1 0 0.0
303 0 3 11 4 3 161 0 0 1 0 32 9 77 20 7 12 4 117 8 109 1 0 0 0 0.118
71 0 5 23 2 7 364 1 0 1 0 68 1 67 103 1 21 0 79 2 77 1 0 1 0 0.0
74 0 1 11 0 1 326 1 1 1 0 8 1 50 90 2 6 0 12 2 10 1 1 1 0 0.0
134 0 4 30 1 4 111 1 0 1 0 18 6 77 25 1 9 0 34 1 33 1 0 1 0 0.0
135 0 1 20 1 1 123 0 0 1 0 13 2 83 35 2 7 0 21 3 18 0 0 1 0 0.0
132 0 1 3 0 1 36 1 0 0 0 5 1 0 12 2 0 0 9 2 7 1 0 0 0 0.0
133 0 1 13 0 1 104 0 0 1 0 9 1 88 29 2 2 0 15 4 11 0 0 1 0 0.0
57 0 14 113 6 20 1079 0 0 1 1 112 2 98 236 31 23 0 268 149 119 0 0 1 1 0.0
136 0 2 14 2 3 256 0 0 1 0 26 2 78 67 1 4 0 34 1 33 0 0 1 0 0.0
64 0 1 5 1 1 50 1 0 1 0 18 3 0 14 2 10 0 29 3 26 1 0 1 0 0.0
62 0 4 7 0 4 47 0 0 1 0 9 2 0 13 1 5 0 17 1 16 0 0 1 0 0.0
60 0 1 6 0 1 81 1 0 1 0 15 2 88 21 2 4 0 21 4 17 1 0 1 0 0.0
143 0 2 55 1 3 50 1 0 1 0 13 4 50 12 1 2 0 18 1 17 1 0 1 0 0.0
48 0 1 12 0 1 89 1 0 1 0 18 1 83 17 1 3 0 25 1 24 1 0 1 0 0.0
45 0 2 27 1 2 110 1 0 1 0 9 1 91 32 3 1 0 16 4 12 1 0 1 0 0.0
148 0 3 12 2 3 61 0 0 1 0 11 1 25 13 1 6 0 28 1 27 0 0 1 0 0.057
149 0 2 9 0 2 72 1 0 1 0 13 2 78 18 2 5 0 29 8 21 1 0 1 0 0.0
47 0 1 11 0 1 44 1 0 0 0 2 1 76 13 1 0 0 5 1 4 1 0 0 0 0.0
46 0 1 4 0 1 134 0 0 1 0 22 3 64 31 1 3 0 34 1 33 0 0 1 0 0.0
52 0 1 1 0 2 296 1 0 1 0 34 1 92 73 12 2 0 64 25 39 1 0 1 0 0.0
53 0 1 5 1 3 168 1 0 1 0 13 1 77 24 2 3 0 23 2 21 1 0 1 0 0.0
140 0 1 4 5 1 208 1 0 1 0 15 1 92 50 16 4 0 62 42 20 1 0 1 0 0.0
142 0 7 14 4 13 220 1 0 1 0 21 3 87 54 1 7 0 38 1 37 1 0 1 0 0.182
280 0 2 10 0 3 48 1 0 0 0 7 2 35 12 3 0 0 17 4 13 1 0 0 0 0.0
285 0 2 21 0 2 210 0 0 1 0 40 4 70 26 10 13 16 258 30 228 0 0 1 1 0.067
283 12 16 98 2 16 249 0 0 1 0 50 5 33 20 3 9 2 81 4 77 0 0 1 0 0.048
282 2 13 125 3 17 266 0 0 1 1 57 21 81 14 158 16 11 1100 947 153 0 0 1 1 0.031
288 0 1 12 0 2 155 1 0 1 0 11 1 75 38 3 2 0 30 4 26 1 0 1 0 0.0
289 2 12 67 0 14 742 1 0 1 0 113 22 93 55 14 20 2 264 45 219 0 0 1 1 0.067
271 4 6 65 2 6 86 0 0 1 0 23 5 28 7 4 6 0 39 7 32 0 0 1 1 0.127
274 4 6 65 0 6 203 0 0 1 0 24 4 83 39 3 7 1 40 7 33 0 0 1 0 0.048
273 24 20 116 11 40 1300 0 0 1 0 158 9 77 55 6 17 1 333 11 322 0 0 1 0 0.006
275 0 6 58 4 7 405 0 0 1 0 49 4 83 71 2 9 8 79 4 75 0 0 1 1 0.127
276 0 1 11 0 1 82 1 0 1 0 17 1 89 21 1 5 0 51 2 49 1 0 1 0 0.0
277 7 9 179 3 14 256 0 0 1 0 61 11 33 3 2 7 6 143 8 135 0 0 1 0 0.076
279 2 2 12 0 2 87 0 0 1 0 31 2 0 7 3 6 4 63 7 56 0 0 1 0 0.14
105 0 4 30 13 4 347 0 0 1 0 31 1 60 89 2 7 0 41 2 39 0 0 1 0 0.0
104 0 1 5 0 5 84 1 0 0 0 20 1 77 19 0 4 0 20 0 20 1 0 0 0 0.0
103 0 4 11 0 5 264 1 0 1 0 28 2 83 58 1 6 0 35 1 34 0 0 1 0 0.0
99 0 2 14 0 2 154 0 0 1 0 8 1 94 44 4 2 0 20 6 14 0 0 1 0 0.0
97 0 4 37 0 6 109 1 0 1 0 15 4 75 27 2 7 0 28 2 26 1 0 1 0 0.0
96 0 2 14 0 3 264 0 0 0 0 5 1 75 77 1 0 0 7 1 6 0 0 0 0 0.0
95 0 3 11 1 3 213 0 0 1 0 6 1 94 53 5 1 0 23 11 12 0 0 1 0 0.0
92 0 1 1 0 1 174 1 0 1 0 35 1 90 42 1 7 0 43 1 42 1 0 1 0 0.0
294 4 9 64 1 13 863 1 0 1 0 122 8 90 30 11 7 2 191 16 175 1 0 1 0 0.025
293 0 1 8 8 2 71 0 0 1 0 5 3 50 4 7 7 4 94 11 83 0 0 1 1 0.127
296 41 74 854 20 86 2335 0 0 1 1 453 131 0 19 115 55 135 2684 786 1898 0 0 1 1 0.227
292 0 1 4 2 2 222 1 1 1 0 13 1 92 33 1 8 7 61 1 60 1 1 1 0 0.242
298 313 327 3071 80 429 13821 0 0 1 1 2362 464 40 14 259 148 2535 10419 2920 7499 0 0 1 1 0.227
299 0 2 13 1 2 125 0 0 1 0 20 1 90 25 33 6 10 183 80 103 0 0 1 1 0.09
89 0 4 8 0 4 140 1 0 1 0 20 1 93 43 1 8 0 25 1 24 1 0 1 0 0.0
240 2 2 32 0 2 108 0 0 1 0 21 5 60 13 1 6 11 121 4 117 0 0 1 0 0.154
197 0 1 1 0 1 80 1 0 0 0 5 1 83 9 0 1 6 37 0 37 1 0 0 0 0.245
191 0 2 5 1 2 66 0 0 1 0 13 3 100 13 1 5 2 37 1 36 0 0 1 1 0.127
193 0 3 3 2 5 354 0 0 1 0 44 1 70 96 5 9 2 71 9 62 0 0 1 0 0.053
192 0 1 6 2 1 130 1 0 1 0 24 3 65 17 1 7 5 45 1 44 1 0 1 0 0.179
199 0 8 42 5 11 376 0 0 1 0 44 2 89 64 3 9 7 97 5 92 0 0 1 0 0.122
244 2 3 68 0 5 348 1 0 0 0 34 2 16 3 0 8 23 135 0 135 1 0 0 0 0.254
242 4 5 17 2 6 302 1 0 1 0 23 6 70 19 1 5 10 135 2 133 1 0 1 0 0.129
249 2 5 9 0 5 670 0 0 1 0 60 4 80 78 1 8 0 72 2 70 0 0 1 0 0.0
248 0 1 2 0 1 83 0 0 1 0 16 1 85 23 1 9 1 40 2 38 0 0 1 0 0.048
247 0 2 22 0 2 85 0 0 1 0 10 3 41 13 2 6 2 58 6 52 0 0 1 0 0.065
246 2 3 36 1 3 547 0 0 1 0 25 2 91 123 7 5 35 174 16 158 0 0 1 0 0.288
230 0 1 16 0 1 17 0 0 0 0 9 3 0 3 0 6 1 21 0 21 0 0 1 0 0.082
239 6 7 33 0 7 604 1 1 1 0 27 2 95 80 4 5 1 50 13 37 1 1 1 0 0.037
234 0 1 1 0 1 33 1 0 1 0 5 4 75 9 2 5 0 28 4 24 1 0 1 0 0.0
236 0 2 31 1 2 163 0 0 1 0 32 3 50 19 1 4 0 63 4 59 0 0 1 0 0.0
235 2 5 91 2 7 241 1 0 1 0 36 8 90 31 11 7 0 91 30 61 1 0 1 0 0.0
238 2 2 4 4 2 23 1 0 1 0 6 2 0 2 1 3 0 26 2 24 1 0 1 0 0.095
262 0 8 56 3 9 493 0 0 1 0 53 7 58 31 7 9 9 127 8 119 0 0 1 0 0.123
269 2 4 41 2 4 186 1 0 1 0 35 5 60 26 1 9 0 88 1 87 1 0 1 0 0.0
268 18 28 223 4 35 1291 1 0 1 0 123 19 74 24 10 14 28 273 41 232 1 0 1 0 0.147
267 8 26 159 34 32 2149 1 0 1 0 250 9 93 39 7 34 1 312 27 285 1 0 1 0 0.006
266 3 4 45 0 4 154 1 1 1 0 27 7 70 9 3 6 2 74 3 71 1 1 1 0 0.051
251 2 3 23 1 4 197 1 0 1 0 32 4 72 18 1 4 10 56 2 54 1 0 1 0 0.274
258 2 7 37 10 9 623 0 0 1 0 86 16 93 82 18 16 18 292 39 253 0 0 1 1 0.13
257 0 1 2 0 2 86 1 0 1 0 16 1 74 23 4 8 2 71 16 55 1 0 1 0 0.053
259 0 1 6 0 1 59 0 0 1 0 11 1 50 19 5 2 1 24 8 16 0 0 1 0 0.077
254 0 1 20 0 1 54 0 0 1 0 15 3 70 13 2 5 0 37 2 35 0 0 1 1 0.068
253 0 6 10 5 11 381 1 0 1 0 31 5 90 84 1 11 4 103 2 101 1 0 1 0 0.071
255 6 12 99 1 15 397 0 0 1 0 79 6 80 40 5 8 1 116 6 110 0 0 1 0 0.028
