35 0 4 21 18 5 536 1 0 1 0 62 2 96 145 9 8 0 88 16 72 1 0 1 0 0.01
159 12 7 47 7 14 183 0 0 1 0 39 7 70 25 3 9 2 57 5 52 0 0 1 0 0.129
156 0 1 4 1 1 33 0 0 1 0 4 1 0 9 2 5 2 31 3 28 0 0 1 1 0.375
155 0 2 33 3 2 146 0 0 1 0 30 6 56 6 1 6 0 47 5 42 0 0 1 0 0.0
37 0 4 34 1 4 153 1 0 1 0 22 2 93 43 3 6 0 43 4 39 1 0 1 0 0.0
154 1 0 1 7 1 264 0 0 1 0 17 2 93 64 7 7 9 77 16 61 0 0 1 0 0.29
38 0 1 7 3 1 42 0 0 1 0 11 3 40 9 1 3 0 17 4 13 0 0 1 0 0.0
152 4 4 56 1 5 256 0 0 1 0 48 11 50 16 2 8 11 139 4 135 0 0 1 0 0.142
151 2 5 13 1 6 177 0 0 1 0 47 6 76 17 1 3 0 60 2 58 0 0 1 1 0.375
43 0 2 8 0 2 119 1 0 1 0 13 3 90 32 5 5 0 38 12 26 1 0 1 0 0.0
23 0 3 11 4 9 196 1 0 1 0 35 1 91 47 9 3 0 52 12 40 1 0 1 0 0.0
169 0 4 19 15 6 163 0 0 1 0 27 3 77 34 20 12 3 224 93 131 0 0 1 1 0.375
166 2 3 14 6 6 363 0 0 1 0 42 6 86 19 4 8 14 182 10 172 0 0 1 1 0.375
26 0 4 18 3 4 42 0 0 1 0 14 3 19 10 1 5 0 25 1 24 0 0 1 0 0.0
27 0 4 30 0 5 39 0 0 1 0 3 4 73 10 1 2 0 9 1 8 0 0 1 0 0.0
167 0 4 29 2 7 218 1 0 1 0 36 9 91 36 61 9 1 328 212 116 0 0 1 1 0.375
29 0 2 8 0 2 77 1 0 1 0 8 1 88 20 5 3 0 33 10 23 1 0 1 0 0.0
3 0 3 30 0 3 67 0 0 1 0 12 1 97 14 3 2 0 17 4 13 0 0 1 0 0.0
2 0 4 16 3 6 178 0 0 1 0 31 3 51 36 1 6 0 55 1 54 0 0 1 0 0.0
162 0 10 44 2 12 164 0 0 1 0 7 3 0 2 10 1 0 50 16 34 0 0 1 0 0.04
164 10 43 195 25 57 1246 0 0 1 1 247 44 75 7 21 25 21 702 65 637 0 0 1 1 0.375
0 0 1 26 0 1 30 0 0 1 0 13 1 0 5 2 6 0 17 2 15 0 0 1 0 0.0
6 0 5 39 1 6 59 1 0 1 0 15 3 69 15 4 9 0 27 5 22 1 0 1 0 0.0
32 0 1 3 0 1 31 1 0 0 0 9 1 0 9 0 1 0 10 0 10 1 0 0 0 0.0
31 0 4 27 0 6 77 1 0 1 0 14 2 46 26 4 1 0 22 5 17 1 0 1 0 0.0
179 0 1 6 2 1 88 0 0 1 0 11 2 73 13 5 4 3 29 6 23 0 0 1 0 0.14
16 0 3 13 7 4 125 1 0 1 0 17 1 89 37 1 7 0 23 1 22 1 0 1 0 0.0
176 2 27 169 1 30 401 0 0 1 0 41 7 95 75 5 11 0 63 9 54 0 0 1 0 0.068
13 0 1 5 0 2 63 0 0 1 0 8 5 72 17 2 2 0 20 3 17 0 0 1 0 0.0
14 0 1 24 0 1 65 0 0 0 0 13 1 75 16 0 3 0 23 0 23 0 0 0 0 0.0
11 0 1 2 3 1 57 1 0 1 0 8 3 70 13 4 5 0 22 5 17 0 0 1 0 0.048
170 0 2 21 1 2 184 1 0 1 0 43 5 85 31 4 9 1 74 10 64 1 0 1 0 0.176
109 0 1 24 2 4 301 1 0 1 0 38 1 93 72 1 7 8 90 3 87 1 0 1 0 0.163
172 2 2 52 1 3 116 1 0 1 0 16 4 66 12 2 6 15 90 2 88 1 0 0 0 0.19
104 0 2 14 8 2 209 0 0 1 0 29 3 82 46 3 12 6 80 3 77 0 0 1 0 0.132
102 0 1 26 5 2 126 0 0 1 0 15 1 80 29 2 9 2 45 2 43 0 0 1 0 0.077
101 0 1 24 0 1 275 0 0 1 0 22 1 91 82 1 3 0 36 1 35 0 0 1 0 0.0
97 0 4 41 7 4 147 1 0 1 0 22 2 84 38 9 12 0 46 12 34 1 0 1 0 0.0
96 0 3 32 0 3 54 0 0 1 0 13 3 44 14 3 6 0 22 3 19 0 0 1 0 0.0
95 0 2 30 0 2 82 0 0 1 0 14 2 89 18 3 6 0 28 6 22 0 0 1 0 0.0
94 0 8 47 1 11 208 0 0 1 0 20 5 56 51 1 7 0 30 1 29 0 0 1 0 0.0
93 0 2 21 1 2 77 1 0 1 0 12 1 75 20 3 1 0 19 3 16 1 0 1 0 0.0
90 0 2 6 2 3 65 1 0 1 0 15 6 77 15 1 6 0 29 1 28 1 0 1 0 0.0
181 209 238 1855 130 336 6825 0 0 1 1 1292 329 83 16 155 91 1682 5909 1787 4122 0 0 1 1 0.375
79 0 3 8 2 4 96 1 0 1 0 9 3 84 20 1 5 0 24 1 23 1 0 1 0 0.0
117 0 2 10 6 4 172 0 0 1 0 16 4 84 33 1 4 2 41 1 40 1 0 1 0 0.092
78 0 2 5 2 3 58 0 0 1 0 5 2 0 16 2 3 0 12 2 10 1 0 1 0 0.176
77 0 3 10 1 3 53 0 0 1 0 14 3 63 13 1 7 0 18 1 17 0 0 1 0 0.0
113 0 4 9 1 4 223 1 0 1 0 22 1 81 58 2 1 8 48 4 44 1 0 1 0 0.226
111 0 2 25 3 2 342 1 0 1 0 31 1 94 75 1 5 10 75 3 72 1 0 1 0 0.208
82 0 2 11 4 2 359 1 0 1 0 43 1 97 87 8 6 0 54 11 43 1 0 1 0 0.0
86 0 6 19 3 7 142 0 0 1 0 15 1 16 37 1 4 0 32 1 31 0 0 1 0 0.0
87 0 2 7 0 2 33 0 0 0 0 8 3 62 7 0 2 0 16 0 16 0 0 1 0 0.04
67 0 3 12 0 4 127 1 0 0 0 22 1 90 30 0 2 0 36 0 36 0 0 1 0 0.024
126 0 3 7 11 5 158 1 0 1 0 18 2 93 42 2 6 2 28 2 26 1 0 1 0 0.108
66 0 1 1 9 2 157 0 0 1 0 21 1 0 39 12 4 0 51 29 22 0 0 1 0 0.0
121 0 1 2 4 2 268 0 0 0 0 10 1 94 72 4 2 2 26 4 22 0 0 0 0 0.129
124 0 5 11 6 8 451 0 0 1 0 34 2 94 105 3 4 18 85 4 81 0 0 1 0 0.314
129 0 2 8 2 3 59 0 0 1 0 13 2 0 10 1 3 5 24 1 23 0 0 1 0 0.286
73 0 2 27 0 2 82 0 0 1 0 21 2 83 23 2 4 0 28 3 25 0 0 1 0 0.0
134 0 1 1 6 4 765 0 0 1 0 15 1 98 187 11 6 20 119 16 103 0 0 1 0 0.362
132 0 2 7 4 4 178 0 0 1 0 24 2 77 30 2 5 9 63 7 56 0 0 1 0 0.125
59 0 1 1 10 1 322 0 0 1 0 39 1 84 84 4 8 0 49 6 43 0 0 1 0 0.042
58 0 1 3 1 1 88 0 0 1 0 8 2 88 22 2 2 0 14 3 11 0 0 1 0 0.0
138 0 8 33 6 9 477 0 0 1 1 41 1 93 152 59 1 2 203 153 50 0 0 1 1 0.375
56 0 2 9 0 3 95 1 0 1 0 17 1 83 19 3 2 0 25 3 22 1 0 1 0 0.0
136 0 6 42 8 8 440 1 0 1 0 15 1 0 47 8 4 58 212 18 194 1 0 1 0 0.316
63 0 1 2 0 1 58 1 0 0 0 9 1 88 6 7 0 0 23 9 14 1 0 0 0 0.0
131 0 1 8 0 1 45 1 0 0 0 4 1 83 6 0 1 2 22 0 22 1 0 1 0 0.253
130 0 3 8 5 3 125 1 0 1 0 10 2 85 20 2 3 2 25 2 23 1 0 1 0 0.087
61 0 3 12 1 6 301 1 0 1 0 31 1 84 78 7 2 0 50 15 35 1 0 1 0 0.0
48 0 1 5 0 3 206 1 0 1 0 14 1 91 57 3 6 0 20 5 15 1 0 1 0 0.077
145 0 2 6 0 2 12 0 0 1 0 5 3 33 3 2 4 0 12 2 10 0 0 1 0 0.0
147 2 2 40 0 2 263 1 0 1 0 27 4 0 33 2 7 0 38 2 36 1 0 1 0 0.0
44 0 1 20 0 3 144 0 0 1 0 21 1 72 32 2 9 0 26 3 23 0 0 1 0 0.0
149 2 4 11 2 6 23 1 0 1 0 4 2 0 2 4 6 0 34 6 28 1 0 1 0 0.0
46 0 4 37 1 4 189 0 0 1 0 17 2 92 53 2 4 0 36 4 32 0 0 1 0 0.0
51 0 2 2 4 2 307 0 0 1 0 22 3 96 82 5 10 0 48 6 42 0 0 1 0 0.0
142 0 4 16 2 5 79 0 0 1 0 20 1 90 22 1 3 5 28 2 26 0 0 1 0 0.227
