35 0 4 21 18 5 536 1 0 1 0 62 2 96 145 9 8 0 88 16 72 1 0 1 0 0.01
159 12 7 47 7 14 183 0 0 1 0 39 7 70 25 3 9 2 57 5 52 0 0 1 0 0.129
156 0 1 4 1 1 33 0 0 1 0 4 1 0 9 2 5 2 31 3 28 0 0 1 1 0.375
155 0 2 33 3 2 146 0 0 1 0 30 6 56 6 1 6 0 47 5 42 0 0 1 0 0.0
37 0 4 34 1 4 153 1 0 1 0 22 2 93 43 3 6 0 43 4 39 1 0 1 0 0.0
154 1 0 1 7 1 264 0 0 1 0 17 2 93 64 7 7 9 77 16 61 0 0 1 0 0.29
38 0 1 7 3 1 42 0 0 1 0 11 3 40 9 1 3 0 17 4 13 0 0 1 0 0.0
152 4 4 56 1 5 256 0 0 1 0 48 11 50 16 2 8 11 139 4 135 0 0 1 0 0.142
151 2 5 13 1 6 177 0 0 1 0 47 6 76 17 1 3 0 60 2 58 0 0 1 1 0.375
43 0 2 8 0 2 119 1 0 1 0 13 3 90 32 5 5 0 38 12 26 1 0 1 0 0.0
23 0 3 11 4 9 196 1 0 1 0 35 1 91 47 9 3 0 52 12 40 1 0 1 0 0.0
169 0 4 19 15 6 163 0 0 1 0 27 3 77 34 20 12 3 224 93 131 0 0 1 1 0.375
166 2 3 14 6 6 363 0 0 1 0 42 6 86 19 4 8 14 182 10 172 0 0 1 1 0.375
26 0 4 18 3 4 42 0 0 1 0 14 3 19 10 1 5 0 25 1 24 0 0 1 0 0.0
27 0 4 30 0 5 39 0 0 1 0 3 4 73 10 1 2 0 9 1 8 0 0 1 0 0.0
167 0 4 29 2 7 218 1 0 1 0 36 9 91 36 61 9 1 328 212 116 0 0 1 1 0.375
29 0 2 8 0 2 77 1 0 1 0 8 1 88 20 5 3 0 33 10 23 1 0 1 0 0.0
3 0 3 30 0 3 67 0 0 1 0 12 1 97 14 3 2 0 17 4 13 0 0 1 0 0.0
2 0 4 16 3 6 178 0 0 1 0 31 3 51 36 1 6 0 55 1 54 0 0 1 0 0.0
162 0 10 44 2 12 164 0 0 1 0 7 3 0 2 10 1 0 50 16 34 0 0 1 0 0.04
164 10 43 195 25 57 1246 0 0 1 1 247 44 75 7 21 25 21 702 65 637 0 0 1 1 0.375
0 0 1 26 0 1 30 0 0 1 0 13 1 0 5 2 6 0 17 2 15 0 0 1 0 0.0
6 0 5 39 1 6 59 1 0 1 0 15 3 69 15 4 9 0 27 5 22 1 0 1 0 0.0
32 0 1 3 0 1 31 1 0 0 0 9 1 0 9 0 1 0 10 0 10 1 0 0 0 0.0
31 0 4 27 0 6 77 1 0 1 0 14 2 46 26 4 1 0 22 5 17 1 0 1 0 0.0
179 0 1 6 2 1 88 0 0 1 0 11 2 73 13 5 4 3 29 6 23 0 0 1 0 0.14
16 0 3 13 7 4 125 1 0 1 0 17 1 89 37 1 7 0 23 1 22 1 0 1 0 0.0
176 2 27 169 1 30 401 0 0 1 0 41 7 95 75 5 11 0 63 9 54 0 0 1 0 0.068
13 0 1 5 0 2 63 0 0 1 0 8 5 72 17 2 2 0 20 3 17 0 0 1 0 0.0
14 0 1 24 0 1 65 0 0 0 0 13 1 75 16 0 3 0 23 0 23 0 0 0 0 0.0
11 0 1 2 3 1 57 1 0 1 0 8 3 70 13 4 5 0 22 5 17 0 0 1 0 0.048
170 0 2 21 1 2 184 1 0 1 0 43 5 85 31 4 9 1 74 10 64 1 0 1 0 0.176
109 0 1 24 2 4 301 1 0 1 0 38 1 93 72 1 7 8 90 3 87 1 0 1 0 0.163
172 2 2 52 1 3 116 1 0 1 0 16 4 66 12 2 6 15 90 2 88 1 0 0 0 0.19
104 0 2 14 8 2 209 0 0 1 0 29 3 82 46 3 12 6 80 3 77 0 0 1 0 0.132
102 0 1 26 5 2 126 0 0 1 0 15 1 80 29 2 9 2 45 2 43 0 0 1 0 0.077
101 0 1 24 0 1 275 0 0 1 0 22 1 91 82 1 3 0 36 1 35 0 0 1 0 0.0
97 0 4 41 7 4 147 1 0 1 0 22 2 84 38 9 12 0 46 12 34 1 0 1 0 0.0
96 0 3 32 0 3 54 0 0 1 0 13 3 44 14 3 6 0 22 3 19 0 0 1 0 0.0
95 0 2 30 0 2 82 0 0 1 0 14 2 89 18 3 6 0 28 6 22 0 0 1 0 0.0
94 0 8 47 1 11 208 0 0 1 0 20 5 56 51 1 7 0 30 1 29 0 0 1 0 0.0
93 0 2 21 1 2 77 1 0 1 0 12 1 75 20 3 1 0 19 3 16 1 0 1 0 0.0
90 0 2 6 2 3 65 1 0 1 0 15 6 77 15 1 6 0 29 1 28 1 0 1 0 0.0
181 209 238 1855 130 336 6825 0 0 1 1 1292 329 83 16 155 91 1682 5909 1787 4122 0 0 1 1 0.375
79 0 3 8 2 4 96 1 0 1 0 9 3 84 20 1 5 0 24 1 23 1 0 1 0 0.0
117 0 2 10 6 4 172 0 0 1 0 16 4 84 33 1 4 2 41 1 40 1 0 1 0 0.092
78 0 2 5 2 3 58 0 0 1 0 5 2 0 16 2 3 0 12 2 10 1 0 1 0 0.176
77 0 3 10 1 3 53 0 0 1 0 14 3 63 13 1 7 0 18 1 17 0 0 1 0 0.0
113 0 4 9 1 4 223 1 0 1 0 22 1 81 58 2 1 8 48 4 44 1 0 1 0 0.226
111 0 2 25 3 2 342 1 0 1 0 31 1 94 75 1 5 10 75 3 72 1 0 1 0 0.208
82 0 2 11 4 2 359 1 0 1 0 43 1 97 87 8 6 0 54 11 43 1 0 1 0 0.0
86 0 6 19 3 7 142 0 0 1 0 15 1 16 37 1 4 0 32 1 31 0 0 1 0 0.0
87 0 2 7 0 2 33 0 0 0 0 8 3 62 7 0 2 0 16 0 16 0 0 1 0 0.04
67 0 3 12 0 4 127 1 0 0 0 22 1 90 30 0 2 0 36 0 36 0 0 1 0 0.024
126 0 3 7 11 5 158 1 0 1 0 18 2 93 42 2 6 2 28 2 26 1 0 1 0 0.108
66 0 1 1 9 2 157 0 0 1 0 21 1 0 39 12 4 0 51 29 22 0 0 1 0 0.0
121 0 1 2 4 2 268 0 0 0 0 10 1 94 72 4 2 2 26 4 22 0 0 0 0 0.129
124 0 5 11 6 8 451 0 0 1 0 34 2 94 105 3 4 18 85 4 81 0 0 1 0 0.314
129 0 2 8 2 3 59 0 0 1 0 13 2 0 10 1 3 5 24 1 23 0 0 1 0 0.286
73 0 2 27 0 2 82 0 0 1 0 21 2 83 23 2 4 0 28 3 25 0 0 1 0 0.0
134 0 1 1 6 4 765 0 0 1 0 15 1 98 187 11 6 20 119 16 103 0 0 1 0 0.362
132 0 2 7 4 4 178 0 0 1 0 24 2 77 30 2 5 9 63 7 56 0 0 1 0 0.125
59 0 1 1 10 1 322 0 0 1 0 39 1 84 84 4 8 0 49 6 43 0 0 1 0 0.042
58 0 1 3 1 1 88 0 0 1 0 8 2 88 22 2 2 0 14 3 11 0 0 1 0 0.0
138 0 8 33 6 9 477 0 0 1 1 41 1 93 152 59 1 2 203 153 50 0 0 1 1 0.375
56 0 2 9 0 3 95 1 0 1 0 17 1 83 19 3 2 0 25 3 22 1 0 1 0 0.0
136 0 6 42 8 8 440 1 0 1 0 15 1 0 47 8 4 58 212 18 194 1 0 1 0 0.316
63 0 1 2 0 1 58 1 0 0 0 9 1 88 6 7 0 0 23 9 14 1 0 0 0 0.0
131 0 1 8 0 1 45 1 0 0 0 4 1 83 6 0 1 2 22 0 22 1 0 1 0 0.253
130 0 3 8 5 3 125 1 0 1 0 10 2 85 20 2 3 2 25 2 23 1 0 1 0 0.087
61 0 3 12 1 6 301 1 0 1 0 31 1 84 78 7 2 0 50 15 35 1 0 1 0 0.0
48 0 1 5 0 3 206 1 0 1 0 14 1 91 57 3 6 0 20 5 15 1 0 1 0 0.077
145 0 2 6 0 2 12 0 0 1 0 5 3 33 3 2 4 0 12 2 10 0 0 1 0 0.0
147 2 2 40 0 2 263 1 0 1 0 27 4 0 33 2 7 0 38 2 36 1 0 1 0 0.0
44 0 1 20 0 3 144 0 0 1 0 21 1 72 32 2 9 0 26 3 23 0 0 1 0 0.0
149 2 4 11 2 6 23 1 0 1 0 4 2 0 2 4 6 0 34 6 28 1 0 1 0 0.0
46 0 4 37 1 4 189 0 0 1 0 17 2 92 53 2 4 0 36 4 32 0 0 1 0 0.0
51 0 2 2 4 2 307 0 0 1 0 22 3 96 82 5 10 0 48 6 42 0 0 1 0 0.0
142 0 4 16 2 5 79 0 0 1 0 20 1 90 22 1 3 5 28 2 26 0 0 1 0 0.227
159 0 1 17 0 2 66 0 0 0 0 11 1 54 8 1 0 2 24 1 23 0 0 0 0 0.154
34 0 1 3 1 1 49 0 0 0 0 8 1 44 11 1 2 0 21 1 20 0 0 0 0 0.0
157 0 5 8 1 6 584 1 0 1 0 8 1 0 47 11 4 82 355 28 327 0 0 1 0 0.322
37 0 9 27 1 9 310 0 0 1 0 28 1 49 78 1 7 0 38 1 37 0 0 1 0 0.0
155 0 2 8 5 4 887 0 0 1 0 18 1 98 194 11 5 44 155 18 137 0 0 1 0 0.359
154 0 7 15 1 8 313 0 0 1 0 30 1 58 74 1 8 2 50 1 49 0 0 1 0 0.073
152 0 10 114 4 11 177 0 0 1 0 26 2 80 39 2 3 4 56 7 49 0 0 1 0 0.1
150 0 1 9 1 1 56 0 0 1 0 15 2 0 9 1 4 5 25 1 24 0 0 1 0 0.286
151 0 4 45 2 5 213 1 0 1 0 15 2 88 30 1 2 2 42 2 40 0 0 1 0 0.087
42 0 3 21 1 4 22 0 0 1 0 6 3 50 5 4 3 0 15 5 10 0 0 1 0 0.0
40 0 1 23 0 1 53 0 0 1 0 2 4 50 15 1 1 0 6 1 5 0 0 1 0 0.0
204 2 4 28 0 7 219 1 1 1 0 13 1 92 31 1 5 7 62 2 60 0 1 1 0 0.184
205 15 24 136 5 29 720 0 0 1 0 73 6 71 20 4 11 1 143 7 136 0 0 1 1 0.14
200 0 1 23 0 1 28 0 0 1 0 3 1 57 7 2 4 1 36 6 30 0 0 1 0 0.053
201 12 26 185 29 28 979 1 0 1 0 100 4 93 39 71 18 2 400 251 149 0 0 1 1 0.008
169 0 1 23 0 1 15 0 0 1 0 1 1 0 4 2 4 0 15 2 13 0 0 1 0 0.0
24 0 8 61 4 8 314 0 0 1 0 38 3 96 93 9 9 0 69 24 45 0 0 1 0 0.0
25 0 1 13 0 1 98 1 0 1 0 12 4 75 25 2 6 0 21 2 19 0 0 1 0 0.0
206 0 10 36 7 12 384 0 0 1 0 55 12 86 30 7 10 11 134 12 122 0 0 1 0 0.115
26 0 3 9 0 3 42 0 0 1 0 10 1 39 12 2 2 0 19 2 17 0 0 1 0 0.0
166 0 2 6 1 2 85 1 0 1 0 23 8 55 8 1 3 0 39 4 35 0 0 1 0 0.0
27 0 1 17 2 3 184 1 0 1 0 36 1 91 45 6 2 0 50 8 42 0 0 1 0 0.114
165 0 1 2 1 1 311 0 0 1 0 30 2 92 60 1 6 23 68 6 62 0 0 1 0 0.387
207 1 2 41 0 3 110 0 0 1 0 13 2 76 17 5 3 3 37 6 31 0 0 1 0 0.111
208 4 4 24 0 4 199 1 0 1 0 13 2 75 38 3 2 0 29 4 25 0 0 1 0 0.0
28 0 3 11 1 3 117 1 0 1 0 11 3 60 31 2 5 0 26 2 24 0 0 1 0 0.0
209 0 17 94 10 18 501 0 0 1 0 62 3 83 101 6 7 2 91 11 80 0 0 1 0 0.094
167 2 2 26 2 4 113 0 0 1 0 47 8 55 11 1 4 0 59 2 57 0 0 1 1 0.14
3 0 4 24 0 4 47 1 0 1 0 14 1 0 8 2 1 0 20 4 16 0 0 1 0 0.0
161 0 2 8 2 3 117 0 0 1 0 27 1 93 31 1 4 5 34 2 32 0 0 1 0 0.222
163 0 2 23 4 2 203 0 0 0 0 17 1 90 54 10 0 2 31 13 18 0 0 0 0 0.087
1 0 1 17 0 1 123 0 0 1 0 18 3 30 28 1 3 0 37 1 36 0 0 1 0 0.0
164 0 1 2 0 2 255 1 1 1 0 8 1 66 87 6 1 2 29 14 15 0 1 1 0 0.105
30 0 2 33 4 2 49 0 0 1 0 7 3 66 15 2 2 0 15 3 12 0 0 1 1 0.012
6 0 6 31 1 7 84 0 0 1 0 17 4 87 22 7 8 0 34 8 26 0 0 1 1 0.019
4 0 4 20 0 4 94 1 0 1 0 20 3 85 25 4 9 0 32 5 27 0 0 1 0 0.085
31 0 1 4 1 1 39 0 0 1 0 3 4 73 10 1 1 0 9 1 8 0 0 1 0 0.0
211 0 8 39 1 8 298 0 0 1 1 49 12 89 30 17 17 17 350 45 305 0 0 1 1 0.236
216 0 3 42 1 3 162 0 0 1 0 20 3 56 24 3 5 10 108 5 103 0 0 1 0 0.13
213 3 23 153 10 25 772 0 0 1 1 144 32 0 3 20 19 6 330 51 279 0 0 1 1 0.236
19 0 19 105 13 20 547 0 0 1 0 62 2 95 141 3 15 0 90 4 86 0 0 1 1 0.0
214 0 6 21 1 6 51 0 0 1 0 12 4 33 7 1 2 2 38 1 37 0 0 1 0 0.148
179 2 6 48 2 7 258 1 0 1 0 44 10 73 18 9 5 0 101 26 75 0 0 1 0 0.0
219 0 3 21 1 3 126 0 0 1 0 18 3 87 32 5 7 2 79 11 68 0 0 1 1 0.236
17 0 1 18 4 1 50 0 0 1 0 10 1 84 14 1 1 0 13 1 12 0 0 1 0 0.0
18 0 6 16 0 6 134 1 0 1 0 18 1 93 41 1 5 0 23 1 22 0 0 1 0 0.0
177 7 8 64 2 10 294 0 0 1 0 54 13 50 16 2 6 11 133 4 129 0 0 1 0 0.149
217 0 1 17 0 3 117 0 0 1 0 14 1 0 29 4 4 3 241 7 234 0 0 1 0 0.024
218 0 2 4 0 2 22 0 0 1 0 2 1 33 4 12 2 2 97 19 78 0 0 1 1 0.236
176 2 7 45 1 7 411 1 1 1 0 26 2 92 58 3 3 1 46 10 36 0 1 1 0 0.041
16 0 1 14 0 1 102 0 0 1 0 7 1 82 32 5 1 0 18 8 10 0 0 1 0 0.0
170 6 7 44 1 7 74 0 0 1 0 22 2 0 10 1 5 0 28 1 27 0 0 1 0 0.0
172 0 3 35 1 5 213 1 0 1 0 11 1 91 60 3 3 1 24 5 19 0 0 1 0 0.069
222 0 8 43 2 8 125 0 0 1 0 29 9 77 19 5 11 4 110 8 102 0 0 1 0 0.065
189 4 6 25 3 7 155 1 0 1 0 25 4 69 15 1 3 10 45 2 43 0 0 1 0 0.308
181 0 3 15 0 3 116 1 0 1 0 5 3 78 7 1 1 10 59 1 58 0 0 0 0 0.245
10 0 1 6 10 1 161 0 0 1 0 22 3 88 42 14 5 0 60 29 31 0 0 1 0 0.0
182 4 10 77 6 11 382 0 0 1 0 21 2 89 82 6 5 29 142 15 127 0 0 1 0 0.289
183 0 2 19 3 3 143 0 0 1 0 27 6 40 7 2 4 0 44 5 39 0 0 1 1 0.14
184 0 3 23 4 5 92 0 0 1 0 13 2 69 22 1 5 2 41 2 39 0 0 1 0 0.04
185 0 1 5 0 1 98 1 0 1 0 8 3 66 31 1 2 3 26 1 25 0 0 1 1 0.14
186 10 11 42 0 13 393 0 0 1 0 49 4 74 48 1 5 0 61 2 59 0 0 0 0 0.0
117 0 3 17 5 3 547 1 0 1 0 31 2 96 167 9 14 0 66 12 54 0 0 1 0 0.0
78 0 23 124 8 26 845 0 0 1 1 93 2 98 184 25 20 0 212 110 102 0 0 1 1 0.0
114 0 2 25 0 3 264 1 1 1 0 26 3 94 70 2 3 0 35 5 30 0 1 1 0 0.0
112 0 1 9 0 1 54 0 0 1 0 13 6 33 12 1 7 0 22 1 21 0 0 1 0 0.0
118 0 1 7 4 3 122 0 0 1 0 22 2 81 30 4 4 0 36 8 28 0 0 1 0 0.02
119 0 2 14 5 4 265 0 0 1 0 32 1 71 70 4 2 0 43 5 38 0 0 1 0 0.0
82 0 9 43 6 11 270 0 0 1 0 30 1 0 75 25 3 0 91 57 34 0 0 1 1 0.236
84 0 1 23 0 1 27 1 0 1 0 2 1 50 7 2 2 0 5 2 3 0 0 1 0 0.0
85 0 1 4 0 1 37 0 0 0 0 6 2 66 9 1 0 0 15 1 14 0 0 1 1 0.236
127 0 5 14 3 12 299 0 0 1 0 32 3 81 79 3 9 6 79 3 76 0 0 1 0 0.132
128 0 1 5 0 1 73 0 0 1 0 3 1 0 8 2 3 10 32 2 30 0 0 1 0 0.385
123 0 4 12 0 5 248 0 0 1 0 22 1 89 49 4 3 4 60 4 56 0 0 1 0 0.111
124 0 3 8 4 4 165 0 0 1 0 17 1 84 39 2 5 2 48 2 46 0 0 1 0 0.114
70 0 1 3 1 1 42 0 0 0 0 6 1 0 13 1 3 0 11 1 10 0 0 0 0 0.0
71 0 6 22 0 6 89 0 0 1 0 27 1 89 28 1 2 0 34 2 32 0 0 0 0 0.0
72 0 4 5 1 5 188 0 0 0 0 7 1 93 51 1 1 0 19 5 14 0 0 1 0 0.0
74 0 1 17 2 1 318 1 0 1 0 31 1 85 77 9 1 0 52 17 35 0 0 1 0 0.0
135 0 10 70 8 11 204 1 0 1 0 37 2 89 29 2 9 2 74 3 71 0 0 1 0 0.045
133 0 2 26 1 2 99 1 0 0 0 10 2 64 18 1 1 5 20 1 19 0 0 0 0 0.333
59 0 1 7 0 1 68 1 0 1 0 14 4 79 17 1 4 0 25 4 21 0 0 1 0 0.0
138 0 2 8 0 2 279 1 0 1 0 7 1 0 20 4 3 36 165 14 151 0 0 1 0 0.332
58 0 3 36 1 3 59 1 0 1 0 9 2 62 16 1 3 0 15 2 13 0 0 1 0 0.0
57 0 1 4 2 1 71 0 0 1 0 11 4 40 14 1 3 0 19 1 18 0 0 1 0 0.0
139 0 6 70 6 7 56 0 0 1 0 10 2 72 15 3 4 2 29 5 24 0 0 1 0 0.094
56 0 3 14 1 4 318 0 0 1 0 27 3 96 86 5 8 0 53 7 46 0 0 1 0 0.0
136 0 2 10 1 2 232 1 0 1 0 22 1 81 57 2 1 7 48 5 43 0 0 1 0 0.212
64 0 3 13 0 3 29 0 0 0 0 1 1 100 1 0 0 0 2 0 2 0 0 1 1 0.236
65 0 3 22 3 3 108 0 0 1 0 16 3 62 27 1 2 0 26 1 25 0 0 1 0 0.0
62 0 5 53 2 5 157 0 0 1 0 22 1 92 45 13 3 0 54 30 24 0 0 1 1 0.019
63 0 1 9 0 1 23 0 0 1 0 11 5 0 6 1 8 0 16 1 15 0 0 1 0 0.0
60 0 1 23 0 1 87 1 0 1 0 9 1 75 25 1 6 0 12 2 10 0 0 1 0 0.0
49 0 1 17 0 2 63 0 0 1 0 12 4 72 14 1 1 0 17 2 15 0 0 1 0 0.079
143 0 2 3 1 2 292 0 0 0 0 11 1 94 80 4 2 2 27 4 23 0 0 0 0 0.129
48 0 1 17 0 1 144 0 0 1 0 22 1 72 32 2 8 0 26 3 23 0 0 1 0 0.0
145 0 3 7 0 6 552 0 0 1 0 38 2 95 117 3 7 30 131 6 125 0 0 1 0 0.306
147 0 2 12 0 4 102 1 0 1 0 8 2 71 20 2 2 2 34 3 31 0 0 1 0 0.108
44 0 3 18 0 4 159 0 0 1 0 15 4 71 39 1 6 0 36 1 35 0 0 1 0 0.0
52 0 1 4 0 1 78 0 0 0 0 4 1 66 20 4 0 0 13 4 9 0 0 0 0 0.0
142 0 4 17 0 5 195 1 0 1 0 21 4 86 42 1 3 12 62 1 61 0 0 1 0 0.264
50 0 2 13 2 3 200 0 0 1 0 21 2 92 58 2 5 0 40 4 36 0 0 1 0 0.136
108 0 1 4 1 1 100 1 0 1 0 6 2 85 28 3 1 0 13 3 10 1 0 1 0 0.0
105 0 3 9 0 3 108 1 0 1 0 23 1 88 28 1 2 0 26 1 25 0 0 1 0 0.0
104 0 4 21 1 5 150 0 0 1 0 17 1 16 39 1 3 0 36 1 35 0 0 1 0 0.0
103 0 1 2 0 1 179 1 0 1 0 11 2 84 47 7 3 0 36 24 12 0 0 1 0 0.04
102 0 1 3 3 4 68 0 0 1 0 6 3 50 15 1 2 0 28 1 27 0 0 1 0 0.0
99 0 1 4 1 2 377 1 0 1 0 43 1 97 90 6 3 0 54 10 44 0 0 1 0 0.0
100 0 1 17 0 1 40 0 0 1 0 4 6 66 8 1 1 0 8 1 7 0 0 1 0 0.0
98 0 1 14 0 2 79 1 0 1 0 4 3 84 17 3 1 0 13 4 9 0 0 1 0 0.0
97 0 1 23 0 1 22 1 0 1 0 3 2 53 5 3 1 0 6 3 3 0 0 1 0 0.0
95 0 1 1 0 1 39 0 0 0 0 12 4 50 7 0 1 0 14 0 14 0 0 0 0 0.0
94 0 2 6 0 2 62 0 0 1 0 17 3 55 15 1 4 0 19 1 18 0 0 1 0 0.0
92 0 3 26 0 3 210 1 0 1 0 15 1 92 50 12 2 0 59 36 23 0 0 1 0 0.0
91 0 5 14 6 9 296 0 0 1 0 26 1 88 74 3 6 0 47 3 44 0 0 1 0 0.0
88 0 1 5 0 1 17 0 0 0 0 1 3 0 5 1 0 0 3 1 2 0 0 0 0 0.0
195 5 9 85 7 9 540 0 0 1 0 81 20 87 18 7 14 18 212 15 197 0 0 1 0 0.095
194 0 7 36 0 7 209 0 0 1 0 32 10 75 36 1 10 0 56 2 54 0 0 1 1 0.236
197 0 2 20 3 2 24 0 0 1 0 10 1 33 5 3 6 0 27 3 24 0 0 1 0 0.0
191 2 6 40 3 6 80 0 0 1 0 19 5 100 6 9 4 3 91 18 73 0 0 1 1 0.14
190 6 6 32 3 6 120 0 0 1 0 30 4 19 11 1 7 0 63 1 62 0 0 1 0 0.0
192 0 6 15 2 8 337 1 0 1 0 34 8 84 27 1 8 4 79 2 77 0 0 1 0 0.089
199 22 37 228 8 40 1152 1 0 1 0 131 24 50 18 16 16 12 264 34 230 0 0 1 0 0.082
35 0 1 10 1 3 112 0 0 1 0 10 1 92 32 4 1 0 19 4 15 1 0 1 0 0.0
36 0 1 2 0 1 135 0 0 1 0 22 3 64 31 1 5 0 35 1 34 0 0 1 0 0.0
159 0 3 14 2 5 574 0 0 1 0 36 2 95 121 4 9 30 136 9 127 0 0 1 0 0.302
157 0 1 1 1 1 302 0 0 0 0 11 1 94 82 4 2 2 27 4 23 0 0 0 0 0.129
156 0 1 7 0 3 236 0 0 1 0 23 4 88 51 1 7 12 67 1 66 1 0 1 0 0.264
152 0 4 17 10 4 284 0 0 1 0 39 2 90 44 2 12 2 85 3 82 1 0 1 0 0.07
150 0 2 2 0 5 391 0 0 1 0 41 1 94 86 2 12 10 89 2 87 1 0 1 0 0.171
43 0 2 8 1 2 151 0 0 1 0 12 1 80 23 2 4 0 21 2 19 1 0 1 0 0.0
40 0 1 2 0 1 232 0 0 1 0 9 1 94 65 3 2 0 22 5 17 0 0 1 0 0.0
202 0 2 4 5 4 238 0 1 1 0 15 1 93 62 4 6 1 47 11 36 1 1 1 0 0.038
205 0 4 35 1 4 227 0 0 1 0 48 3 83 57 7 18 2 81 9 72 0 0 1 1 0.327
201 0 1 4 0 1 9 0 0 1 0 2 1 0 2 1 3 0 24 2 22 1 0 1 0 0.0
23 0 1 7 0 3 196 0 0 1 0 18 4 76 48 1 9 0 40 1 39 0 0 1 0 0.0
169 0 5 29 11 7 219 0 0 1 0 36 2 85 49 3 10 4 72 8 64 0 0 1 0 0.126
24 0 3 15 3 3 80 0 0 1 0 14 2 83 21 1 3 0 22 1 21 0 0 1 1 0.327
206 2 2 12 2 2 190 0 0 1 0 18 6 66 15 1 7 2 68 2 66 1 0 1 0 0.129
166 0 1 2 0 1 158 0 0 1 0 10 3 40 13 1 6 2 29 1 28 1 0 1 0 0.121
207 0 4 28 17 6 281 0 0 1 0 44 10 73 16 9 9 0 104 29 75 1 0 1 0 0.0
165 0 3 17 2 6 212 0 0 1 0 16 2 88 32 2 6 2 42 2 40 1 0 1 0 0.078
29 0 2 9 0 2 26 0 0 1 0 3 4 71 7 2 1 0 5 2 3 0 0 1 0 0.0
30 0 1 5 1 3 319 0 0 1 0 28 3 97 85 5 9 0 54 7 47 0 0 1 0 0.0
6 0 8 48 14 13 628 0 0 1 1 70 2 96 161 3 24 0 100 4 96 0 0 1 1 0.327
8 0 1 16 10 3 74 0 0 1 0 14 4 81 18 1 6 0 30 8 22 0 0 1 1 0.327
212 4 5 51 0 6 675 0 0 0 0 61 4 81 80 1 7 0 73 2 71 0 0 1 0 0.0
210 1 1 3 7 2 500 0 0 1 0 24 2 90 106 6 9 35 172 16 156 0 0 1 0 0.287
215 2 2 10 1 2 161 0 0 1 0 27 4 72 14 1 6 10 45 2 43 1 0 1 0 0.263
216 0 4 19 0 5 52 0 0 1 0 0 2 87 14 5 2 0 26 11 15 1 0 1 0 0.0
213 2 9 57 0 12 394 0 0 1 1 73 9 85 33 79 21 25 561 280 281 0 0 1 1 0.327
179 0 2 15 3 2 280 0 0 1 0 36 2 89 71 3 2 2 56 3 53 1 0 1 0 0.063
219 0 2 12 3 2 223 0 0 1 0 28 6 56 24 4 7 5 67 4 63 0 0 1 0 0.124
177 0 4 20 4 5 680 0 0 1 1 54 1 95 208 111 7 6 342 270 72 0 0 1 1 0.03
218 8 6 20 0 9 179 0 0 1 0 24 9 0 8 3 2 9 125 13 112 0 0 1 1 0.327
176 0 6 24 7 6 745 0 0 1 0 8 1 0 61 11 8 106 447 26 421 1 0 1 0 0.319
16 0 1 8 0 1 76 0 0 1 0 7 1 85 20 6 3 0 31 10 21 1 0 1 0 0.0
13 0 2 16 0 2 76 0 1 1 0 9 1 57 23 2 4 0 19 2 17 1 1 1 0 0.0
11 0 3 7 1 4 357 0 0 1 0 39 3 97 106 11 12 0 77 30 47 0 0 1 0 0.0
170 0 1 2 0 1 195 0 0 1 0 21 2 89 44 5 9 2 53 7 46 1 0 1 0 0.069
20 0 2 11 0 2 139 1 0 1 0 21 2 90 41 3 8 0 38 4 34 1 0 1 0 0.0
171 0 1 1 0 1 338 0 0 1 0 30 1 59 80 1 9 2 51 1 50 0 0 1 0 0.147
174 0 1 1 2 1 61 0 0 1 0 12 4 33 10 1 4 2 23 1 22 0 0 1 1 0.327
172 0 3 12 0 4 905 0 0 1 0 19 1 98 199 10 6 44 157 18 139 0 0 1 0 0.358
173 0 1 3 0 2 76 0 0 1 0 10 3 59 10 1 2 5 19 1 18 0 0 1 0 0.313
220 0 1 5 8 1 267 0 0 1 0 21 5 89 56 1 5 4 82 2 80 1 0 1 0 0.072
223 5 6 23 0 6 89 0 0 1 0 22 5 50 9 2 11 0 61 4 57 0 0 1 0 0.077
224 2 12 90 11 15 1011 0 0 1 0 106 15 37 23 17 19 11 246 37 209 1 0 1 0 0.17
225 4 4 32 5 4 169 0 0 1 0 65 24 88 13 2 5 6 113 2 111 1 0 1 0 0.078
227 1 6 24 1 11 394 0 0 1 0 42 3 93 72 18 18 17 324 45 279 0 0 1 0 0.11
181 0 1 11 1 3 687 0 0 0 0 26 1 89 43 0 11 82 136 0 136 1 0 0 0 0.552
10 0 1 1 0 1 18 0 0 0 0 3 1 60 5 1 3 0 7 1 6 0 0 0 0 0.0
183 0 4 7 0 5 143 0 0 1 0 27 1 94 36 1 3 5 35 2 33 0 0 1 0 0.217
184 0 5 36 8 6 208 0 0 1 0 26 2 78 31 1 8 5 57 1 56 1 0 1 0 0.141
185 0 1 7 2 3 246 0 0 1 0 34 1 91 55 11 3 4 62 12 50 1 0 1 0 0.11
186 0 1 4 0 1 234 0 0 0 0 16 1 92 66 13 0 2 42 23 19 0 0 0 0 0.093
78 0 2 5 0 2 134 0 0 1 0 18 1 93 41 1 8 0 23 1 22 1 0 1 0 0.0
115 0 2 9 0 2 70 0 0 1 0 11 6 75 14 1 5 0 24 1 23 1 0 1 0 0.0
113 0 1 1 0 1 41 0 0 1 0 3 3 83 11 2 1 0 5 2 3 0 0 1 0 0.0
111 0 1 1 0 1 126 0 0 1 0 15 1 77 29 9 1 0 33 14 19 0 0 1 0 0.0
119 0 1 1 2 1 382 0 0 1 0 30 1 83 94 3 11 0 52 3 49 0 0 1 0 0.0
82 0 1 6 1 1 177 0 0 1 0 6 1 93 46 5 1 0 18 6 12 0 0 1 0 0.0
83 0 1 2 0 3 98 0 0 1 0 12 4 75 25 2 8 0 21 2 19 1 0 1 0 0.0
81 0 1 1 1 1 151 1 0 1 0 31 1 89 36 1 6 0 38 1 37 1 0 1 0 0.0
87 0 2 9 0 2 64 0 0 1 0 11 1 87 13 1 5 0 23 1 22 0 0 1 0 0.0
84 0 3 10 1 3 133 0 0 1 0 7 1 93 38 5 1 0 19 6 13 0 0 1 0 0.0
85 0 1 1 0 1 51 0 0 1 0 14 2 62 13 2 5 0 24 2 22 0 0 1 0 0.0
125 0 2 12 6 2 395 0 0 1 0 45 1 97 94 6 7 0 57 10 47 1 0 1 0 0.021
67 0 2 2 2 2 127 0 0 1 0 29 3 79 29 1 9 0 41 1 40 0 0 1 0 0.017
66 0 1 10 1 1 53 0 0 1 0 8 2 44 14 1 3 0 14 1 13 0 0 1 0 0.0
128 0 2 8 1 2 62 0 0 1 0 13 2 78 15 2 8 0 24 4 20 1 0 1 0 0.0
123 0 1 3 0 1 58 0 0 1 0 16 3 66 14 1 5 0 20 1 19 1 0 1 0 0.0
120 0 2 9 1 2 209 0 0 1 0 15 1 93 50 15 5 0 60 39 21 1 0 1 0 0.0
74 0 3 15 4 5 401 0 0 1 0 35 3 95 108 18 7 0 80 34 46 0 0 1 0 0.0
59 0 1 4 1 1 326 1 1 1 0 8 1 50 90 2 6 0 12 2 10 1 1 1 0 0.0
57 0 1 8 6 1 314 0 0 1 1 62 1 70 88 2 22 0 72 2 70 1 0 1 0 0.0
64 0 1 1 0 1 12 0 0 1 0 9 2 0 2 1 4 0 14 2 12 0 0 1 0 0.11
65 0 2 12 1 2 631 0 0 1 0 31 2 96 167 9 15 0 70 13 57 1 0 1 0 0.0
62 0 1 1 13 3 272 0 1 1 0 27 3 94 72 4 6 0 46 15 31 1 1 1 0 0.0
60 0 1 1 0 1 43 0 0 0 0 7 1 78 11 0 4 0 21 0 21 0 0 0 0 0.0
61 0 1 7 0 1 84 0 0 1 0 14 2 85 21 4 9 0 29 6 23 0 0 1 0 0.0
48 0 2 3 0 2 52 0 0 1 0 10 3 0 11 1 6 0 23 1 22 0 0 1 0 0.0
145 0 1 1 0 2 303 0 0 1 0 32 3 81 81 3 12 6 79 3 76 0 0 1 0 0.132
148 0 1 1 0 1 307 0 0 1 0 40 1 93 73 3 11 8 81 3 78 1 0 1 0 0.165
149 0 2 8 1 2 251 0 0 1 0 23 3 82 52 1 9 2 58 1 57 1 0 1 0 0.065
47 0 9 63 12 11 978 0 0 1 1 105 2 98 209 35 25 0 257 144 113 0 0 1 1 0.0
52 0 2 2 1 2 65 0 0 1 0 7 1 88 16 1 5 0 14 1 13 0 0 1 0 0.0
140 0 1 14 4 2 286 0 0 1 0 35 1 71 78 4 4 0 45 5 40 0 0 1 0 0.0
142 0 1 1 0 1 201 0 0 1 0 18 1 85 46 2 10 4 62 2 60 0 0 1 0 0.113
141 0 2 7 6 3 260 0 0 1 0 25 1 89 51 4 9 4 64 4 60 0 0 1 0 0.098
50 0 1 1 0 1 50 1 0 1 0 18 3 0 14 1 12 0 28 2 26 1 0 1 0 0.0
105 0 2 25 0 2 83 0 0 0 0 22 1 89 25 1 4 0 30 2 28 0 0 1 0 0.0
96 0 1 18 0 1 31 0 0 0 0 32 1 0 19 1 3 0 36 2 34 0 0 1 0 0.0
95 0 1 8 0 1 142 0 0 1 0 23 1 72 32 2 9 0 26 3 23 0 0 1 0 0.0
94 0 1 8 0 1 112 0 0 1 0 12 3 90 31 5 6 0 37 12 25 1 0 1 0 0.0
93 0 1 8 0 2 55 0 0 1 0 10 2 75 14 1 4 0 19 1 18 0 0 1 1 0.327
92 0 1 2 0 1 27 0 0 1 0 6 3 60 6 2 4 0 16 5 11 0 0 1 0 0.0
90 0 1 5 0 1 96 0 0 1 0 7 3 69 24 1 7 0 20 1 19 1 0 1 0 0.0
89 0 2 9 0 2 333 0 0 1 0 29 1 59 85 1 8 0 38 1 37 0 0 1 0 0.0
240 0 3 9 0 4 157 0 0 1 0 29 1 90 43 1 7 0 52 1 51 0 0 1 1 0.327
241 0 1 1 0 2 90 0 0 1 0 17 1 90 23 1 5 0 51 2 49 1 0 1 0 0.0
195 0 1 2 1 2 46 0 0 1 0 9 1 0 12 1 7 0 28 1 27 0 0 1 0 0.0
194 4 5 51 0 5 185 0 0 0 0 44 2 70 16 0 8 0 55 0 55 0 0 1 1 0.327
197 2 2 16 0 2 262 0 0 1 0 28 4 0 32 1 9 0 35 1 34 1 0 1 0 0.0
191 2 5 29 0 6 396 0 0 1 0 23 3 91 59 9 6 1 48 26 22 1 0 1 0 0.045
198 1 2 9 0 2 240 0 0 1 0 15 1 92 67 4 8 1 27 6 21 1 0 1 0 0.065
199 4 0 4 0 4 55 0 0 1 0 7 7 66 7 2 4 0 25 4 21 1 0 1 0 0.0
243 0 1 5 2 1 219 0 1 1 0 13 1 92 31 1 8 7 62 2 60 1 1 1 0 0.187
247 0 1 5 4 1 92 0 0 1 0 18 2 86 25 3 10 2 97 5 92 0 0 1 1 0.327
246 2 3 17 0 3 75 0 0 1 0 18 5 88 17 5 13 3 65 6 59 0 0 1 0 0.083
232 2 3 22 3 3 164 0 0 1 0 32 5 46 19 1 14 0 86 1 85 1 0 1 0 0.0
231 7 7 58 3 7 191 0 1 1 0 29 8 70 9 3 11 2 74 3 71 1 1 1 0 0.051
233 0 1 8 0 1 30 0 0 1 0 12 1 33 5 6 11 0 34 6 28 0 0 1 0 0.0
235 0 1 2 1 1 26 0 0 1 0 7 2 0 4 2 3 0 34 3 31 0 0 1 1 0.327
238 4 14 72 22 20 1205 0 0 1 1 123 4 93 39 93 31 2 527 347 180 1 0 1 0 0.006
263 60 77 498 26 108 3594 0 0 1 1 619 161 0 6 215 82 917 5946 2217 3729 0 0 1 1 0.327
260 0 2 8 0 2 144 0 0 1 0 32 9 77 20 6 14 4 116 8 108 0 0 1 0 0.064
261 3 3 27 3 3 140 0 0 1 0 29 5 80 13 1 3 2 52 1 51 1 0 1 0 0.069
251 3 10 40 6 12 438 0 0 1 0 36 10 78 14 20 19 41 368 38 330 0 0 1 1 0.327
258 0 1 9 2 1 122 0 0 1 0 11 1 76 33 34 7 8 158 79 79 0 0 1 0 0.099
257 2 3 20 2 3 220 0 0 1 1 21 6 70 15 92 14 3 507 317 190 0 0 1 1 0.327
259 0 3 16 1 4 241 0 0 1 0 34 3 82 26 8 13 1 99 11 88 0 0 1 1 0.327
254 1 3 26 6 6 230 0 0 1 1 45 11 88 21 136 18 9 927 807 120 0 0 1 1 0.02
255 10 25 159 9 30 1461 0 0 1 1 246 25 61 49 54 29 20 749 170 579 0 0 1 1 0.327
36 0 4 7 0 5 43 0 0 1 0 3 4 83 12 3 1 0 7 3 4 0 0 1 0 0.0
156 0 1 3 3 1 74 0 0 1 0 13 6 33 18 1 8 0 22 1 21 0 0 1 0 0.0
154 0 2 34 0 2 90 0 0 1 0 21 2 83 22 1 8 0 30 2 28 0 0 1 0 0.0
38 0 4 60 0 4 132 1 0 1 0 22 4 82 32 2 5 0 32 3 29 0 0 1 1 0.067
43 0 1 5 1 1 56 1 0 1 0 7 2 70 15 1 4 0 9 2 7 1 0 1 0 0.0
42 0 2 32 0 2 80 0 0 1 0 12 4 46 17 2 3 0 21 2 19 0 0 1 0 0.0
41 0 1 5 0 1 59 1 0 1 0 11 1 70 15 4 2 0 19 6 13 1 0 1 0 0.0
40 0 1 6 0 1 52 0 0 1 0 9 1 75 13 3 1 0 18 7 11 0 0 1 0 0.0
203 0 9 47 4 16 541 1 0 1 0 46 2 93 86 1 9 19 119 1 118 1 0 1 0 0.239
204 0 1 19 0 2 83 0 0 1 0 11 3 59 11 1 2 5 22 1 21 0 0 1 0 0.313
201 0 3 26 10 5 391 0 0 1 0 33 1 59 83 1 8 5 58 1 57 0 0 1 0 0.147
24 0 4 4 4 4 132 1 0 1 0 22 2 89 39 3 6 0 39 4 35 1 0 1 0 0.0
166 0 1 16 0 1 87 0 0 1 0 9 2 71 14 1 3 4 49 1 48 0 0 1 0 0.14
206 0 3 7 2 3 900 1 0 1 0 8 1 0 71 10 8 124 530 27 503 1 0 1 0 0.314
207 0 9 61 2 10 722 0 0 1 1 60 1 95 225 119 4 6 382 305 77 0 0 1 1 0.029
208 0 4 5 0 6 108 0 0 0 0 6 2 58 20 1 1 2 48 9 39 0 0 0 0 0.078
168 0 2 23 0 2 82 0 0 1 0 15 2 65 19 3 8 2 33 6 27 0 0 1 0 0.105
209 0 4 5 0 6 143 0 0 1 0 23 2 75 29 3 4 2 47 7 40 0 0 1 0 0.148
161 0 1 5 0 1 36 0 0 1 0 7 1 25 7 3 2 0 14 3 11 0 0 1 1 0.127
3 0 8 44 1 11 339 0 0 1 0 17 1 96 97 7 3 0 45 10 35 0 0 1 0 0.0
2 0 1 3 0 1 20 0 0 1 0 5 1 33 5 2 2 0 12 2 10 0 0 1 1 0.09
162 0 4 24 1 6 296 0 0 1 0 36 1 72 82 6 4 0 48 7 41 0 0 1 0 0.0
163 0 3 17 3 3 295 0 0 1 0 28 1 90 55 4 6 4 74 5 69 0 0 1 0 0.151
164 0 2 2 1 2 207 0 0 1 0 19 1 85 48 2 6 4 63 2 61 0 0 1 0 0.116
0 0 3 12 6 3 178 0 0 1 0 24 3 41 44 1 8 0 45 1 44 0 0 1 0 0.0
7 0 4 71 1 4 111 1 0 1 0 16 4 89 28 1 5 0 27 4 23 1 0 1 0 0.0
30 0 4 25 0 4 117 1 0 1 0 13 3 80 23 3 5 0 35 3 32 1 0 1 0 0.0
4 0 1 3 4 1 102 0 0 1 0 16 1 4 23 2 5 0 19 2 17 0 0 1 0 0.0
212 0 2 16 0 2 792 1 0 0 0 26 1 88 47 0 9 90 146 0 146 1 0 0 0 0.552
210 0 1 1 2 1 297 1 0 1 0 38 2 90 76 2 5 2 59 3 56 1 0 1 0 0.063
215 0 10 47 1 10 208 0 0 1 0 21 4 75 35 3 9 4 69 3 66 0 0 1 0 0.1
179 0 4 42 4 10 351 1 0 1 0 45 2 89 54 2 10 4 107 3 104 1 0 1 0 0.068
219 0 3 18 3 4 253 1 0 1 0 33 1 91 57 12 3 4 65 16 49 1 0 1 0 0.098
178 0 1 25 0 1 151 1 0 0 0 5 1 81 29 1 2 2 14 1 13 1 0 0 0 0.222
16 0 3 29 0 4 63 1 1 0 0 16 1 75 15 0 5 0 21 0 21 1 1 0 0 0.0
218 0 5 10 0 8 364 0 0 0 0 18 2 88 60 0 8 16 119 0 119 0 0 0 0 0.212
176 0 2 27 0 4 59 0 0 1 0 14 2 33 9 1 2 5 24 1 23 0 0 1 0 0.294
13 0 1 2 0 1 40 0 0 0 0 9 1 50 7 1 3 0 22 3 19 0 0 0 0 0.0
12 0 1 11 5 3 368 0 0 1 0 38 3 97 110 13 10 0 77 31 46 0 0 1 0 0.0
170 0 1 11 0 1 57 0 0 1 0 9 3 62 14 4 3 2 24 5 19 1 0 1 0 0.045
175 0 1 1 1 4 437 1 0 1 0 47 1 94 95 2 8 10 97 3 94 1 0 1 0 0.179
172 0 1 18 0 1 170 0 0 0 0 17 1 88 38 0 3 2 32 0 32 0 0 0 0 0.111
173 0 2 34 0 2 307 1 0 1 0 40 1 93 73 2 8 8 81 3 78 1 0 1 0 0.165
220 0 1 2 3 1 243 0 0 0 0 16 1 92 69 12 0 2 39 20 19 0 0 0 0 0.095
223 0 2 3 0 4 473 0 0 1 0 48 1 88 124 3 8 2 65 7 58 0 0 1 0 0.058
226 2 5 51 0 5 140 1 0 1 0 28 2 0 12 3 2 0 43 9 34 1 0 1 0 0.0
227 0 1 20 0 1 221 1 0 1 0 15 1 91 59 9 6 1 42 20 22 1 0 1 0 0.044
228 2 3 17 1 3 140 0 0 1 0 38 3 0 13 1 5 0 51 2 49 0 0 1 1 0.127
180 0 6 21 1 8 135 0 0 1 0 15 2 85 32 1 4 2 42 1 41 0 0 1 0 0.087
183 0 4 46 0 4 87 0 0 1 0 13 2 65 19 4 6 4 49 5 44 0 0 1 1 0.127
185 0 2 13 0 2 75 1 0 1 0 5 4 63 13 3 4 2 15 3 12 1 0 1 0 0.211
116 0 1 27 1 1 70 1 0 1 0 15 4 79 17 1 3 0 26 6 20 1 0 1 0 0.0
79 0 5 37 1 6 384 1 1 1 0 30 3 96 101 4 8 0 55 19 36 1 1 1 0 0.0
78 0 1 4 1 1 209 0 0 1 0 21 4 87 44 1 6 0 44 1 43 0 0 1 0 0.047
113 0 3 16 0 3 107 1 1 1 0 23 2 91 32 1 11 0 44 2 42 1 1 1 0 0.0
118 0 2 11 0 2 44 1 0 1 0 8 1 33 9 1 4 0 22 1 21 1 0 1 0 0.0
119 0 2 7 1 2 24 0 0 1 0 11 5 0 6 1 7 0 16 1 15 0 0 1 0 0.0
80 0 1 1 4 1 641 1 0 1 0 33 2 97 170 9 14 0 72 14 58 1 0 1 0 0.0
86 0 3 37 4 4 404 0 0 1 0 38 3 95 108 18 7 0 89 42 47 0 0 1 0 0.0
87 0 2 17 0 2 66 0 0 0 0 15 1 75 16 0 5 0 25 0 25 0 0 0 0 0.0
67 0 1 16 0 1 87 0 0 1 0 16 1 82 19 1 3 0 36 2 34 0 0 1 0 0.0
126 0 1 7 0 1 318 1 1 1 0 16 1 65 79 2 6 0 20 2 18 1 1 1 0 0.0
69 0 1 11 1 1 215 1 0 1 0 26 1 82 35 1 6 0 27 1 26 1 0 1 0 0.0
121 0 1 25 0 1 167 1 0 0 0 9 1 66 43 1 0 0 8 1 7 1 0 0 0 0.0
302 2 6 25 5 6 169 0 0 1 0 14 7 91 28 18 8 5 145 27 118 0 0 1 0 0.068
122 0 4 11 0 4 99 0 0 1 0 23 1 88 29 2 3 0 33 3 30 0 0 1 0 0.0
304 3 3 9 0 3 150 1 0 1 0 29 5 82 15 1 2 2 54 1 53 1 0 1 0 0.0
303 0 3 11 4 3 161 0 0 1 0 32 9 77 20 7 12 4 117 8 109 1 0 0 0 0.118
71 0 5 23 2 7 364 1 0 1 0 68 1 67 103 1 21 0 79 2 77 1 0 1 0 0.0
74 0 1 11 0 1 326 1 1 1 0 8 1 50 90 2 6 0 12 2 10 1 1 1 0 0.0
134 0 4 30 1 4 111 1 0 1 0 18 6 77 25 1 9 0 34 1 33 1 0 1 0 0.0
135 0 1 20 1 1 123 0 0 1 0 13 2 83 35 2 7 0 21 3 18 0 0 1 0 0.0
132 0 1 3 0 1 36 1 0 0 0 5 1 0 12 2 0 0 9 2 7 1 0 0 0 0.0
133 0 1 13 0 1 104 0 0 1 0 9 1 88 29 2 2 0 15 4 11 0 0 1 0 0.0
57 0 14 113 6 20 1079 0 0 1 1 112 2 98 236 31 23 0 268 149 119 0 0 1 1 0.0
136 0 2 14 2 3 256 0 0 1 0 26 2 78 67 1 4 0 34 1 33 0 0 1 0 0.0
64 0 1 5 1 1 50 1 0 1 0 18 3 0 14 2 10 0 29 3 26 1 0 1 0 0.0
62 0 4 7 0 4 47 0 0 1 0 9 2 0 13 1 5 0 17 1 16 0 0 1 0 0.0
60 0 1 6 0 1 81 1 0 1 0 15 2 88 21 2 4 0 21 4 17 1 0 1 0 0.0
143 0 2 55 1 3 50 1 0 1 0 13 4 50 12 1 2 0 18 1 17 1 0 1 0 0.0
48 0 1 12 0 1 89 1 0 1 0 18 1 83 17 1 3 0 25 1 24 1 0 1 0 0.0
45 0 2 27 1 2 110 1 0 1 0 9 1 91 32 3 1 0 16 4 12 1 0 1 0 0.0
148 0 3 12 2 3 61 0 0 1 0 11 1 25 13 1 6 0 28 1 27 0 0 1 0 0.057
149 0 2 9 0 2 72 1 0 1 0 13 2 78 18 2 5 0 29 8 21 1 0 1 0 0.0
47 0 1 11 0 1 44 1 0 0 0 2 1 76 13 1 0 0 5 1 4 1 0 0 0 0.0
46 0 1 4 0 1 134 0 0 1 0 22 3 64 31 1 3 0 34 1 33 0 0 1 0 0.0
52 0 1 1 0 2 296 1 0 1 0 34 1 92 73 12 2 0 64 25 39 1 0 1 0 0.0
53 0 1 5 1 3 168 1 0 1 0 13 1 77 24 2 3 0 23 2 21 1 0 1 0 0.0
140 0 1 4 5 1 208 1 0 1 0 15 1 92 50 16 4 0 62 42 20 1 0 1 0 0.0
142 0 7 14 4 13 220 1 0 1 0 21 3 87 54 1 7 0 38 1 37 1 0 1 0 0.182
280 0 2 10 0 3 48 1 0 0 0 7 2 35 12 3 0 0 17 4 13 1 0 0 0 0.0
285 0 2 21 0 2 210 0 0 1 0 40 4 70 26 10 13 16 258 30 228 0 0 1 1 0.067
283 12 16 98 2 16 249 0 0 1 0 50 5 33 20 3 9 2 81 4 77 0 0 1 0 0.048
282 2 13 125 3 17 266 0 0 1 1 57 21 81 14 158 16 11 1100 947 153 0 0 1 1 0.031
288 0 1 12 0 2 155 1 0 1 0 11 1 75 38 3 2 0 30 4 26 1 0 1 0 0.0
289 2 12 67 0 14 742 1 0 1 0 113 22 93 55 14 20 2 264 45 219 0 0 1 1 0.067
271 4 6 65 2 6 86 0 0 1 0 23 5 28 7 4 6 0 39 7 32 0 0 1 1 0.127
274 4 6 65 0 6 203 0 0 1 0 24 4 83 39 3 7 1 40 7 33 0 0 1 0 0.048
273 24 20 116 11 40 1300 0 0 1 0 158 9 77 55 6 17 1 333 11 322 0 0 1 0 0.006
275 0 6 58 4 7 405 0 0 1 0 49 4 83 71 2 9 8 79 4 75 0 0 1 1 0.127
276 0 1 11 0 1 82 1 0 1 0 17 1 89 21 1 5 0 51 2 49 1 0 1 0 0.0
277 7 9 179 3 14 256 0 0 1 0 61 11 33 3 2 7 6 143 8 135 0 0 1 0 0.076
279 2 2 12 0 2 87 0 0 1 0 31 2 0 7 3 6 4 63 7 56 0 0 1 0 0.14
105 0 4 30 13 4 347 0 0 1 0 31 1 60 89 2 7 0 41 2 39 0 0 1 0 0.0
104 0 1 5 0 5 84 1 0 0 0 20 1 77 19 0 4 0 20 0 20 1 0 0 0 0.0
103 0 4 11 0 5 264 1 0 1 0 28 2 83 58 1 6 0 35 1 34 0 0 1 0 0.0
99 0 2 14 0 2 154 0 0 1 0 8 1 94 44 4 2 0 20 6 14 0 0 1 0 0.0
97 0 4 37 0 6 109 1 0 1 0 15 4 75 27 2 7 0 28 2 26 1 0 1 0 0.0
96 0 2 14 0 3 264 0 0 0 0 5 1 75 77 1 0 0 7 1 6 0 0 0 0 0.0
95 0 3 11 1 3 213 0 0 1 0 6 1 94 53 5 1 0 23 11 12 0 0 1 0 0.0
92 0 1 1 0 1 174 1 0 1 0 35 1 90 42 1 7 0 43 1 42 1 0 1 0 0.0
294 4 9 64 1 13 863 1 0 1 0 122 8 90 30 11 7 2 191 16 175 1 0 1 0 0.025
293 0 1 8 8 2 71 0 0 1 0 5 3 50 4 7 7 4 94 11 83 0 0 1 1 0.127
296 41 74 854 20 86 2335 0 0 1 1 453 131 0 19 115 55 135 2684 786 1898 0 0 1 1 0.227
292 0 1 4 2 2 222 1 1 1 0 13 1 92 33 1 8 7 61 1 60 1 1 1 0 0.242
298 313 327 3071 80 429 13821 0 0 1 1 2362 464 40 14 259 148 2535 10419 2920 7499 0 0 1 1 0.227
299 0 2 13 1 2 125 0 0 1 0 20 1 90 25 33 6 10 183 80 103 0 0 1 1 0.09
89 0 4 8 0 4 140 1 0 1 0 20 1 93 43 1 8 0 25 1 24 1 0 1 0 0.0
240 2 2 32 0 2 108 0 0 1 0 21 5 60 13 1 6 11 121 4 117 0 0 1 0 0.154
197 0 1 1 0 1 80 1 0 0 0 5 1 83 9 0 1 6 37 0 37 1 0 0 0 0.245
191 0 2 5 1 2 66 0 0 1 0 13 3 100 13 1 5 2 37 1 36 0 0 1 1 0.127
193 0 3 3 2 5 354 0 0 1 0 44 1 70 96 5 9 2 71 9 62 0 0 1 0 0.053
192 0 1 6 2 1 130 1 0 1 0 24 3 65 17 1 7 5 45 1 44 1 0 1 0 0.179
199 0 8 42 5 11 376 0 0 1 0 44 2 89 64 3 9 7 97 5 92 0 0 1 0 0.122
244 2 3 68 0 5 348 1 0 0 0 34 2 16 3 0 8 23 135 0 135 1 0 0 0 0.254
242 4 5 17 2 6 302 1 0 1 0 23 6 70 19 1 5 10 135 2 133 1 0 1 0 0.129
249 2 5 9 0 5 670 0 0 1 0 60 4 80 78 1 8 0 72 2 70 0 0 1 0 0.0
248 0 1 2 0 1 83 0 0 1 0 16 1 85 23 1 9 1 40 2 38 0 0 1 0 0.048
247 0 2 22 0 2 85 0 0 1 0 10 3 41 13 2 6 2 58 6 52 0 0 1 0 0.065
246 2 3 36 1 3 547 0 0 1 0 25 2 91 123 7 5 35 174 16 158 0 0 1 0 0.288
230 0 1 16 0 1 17 0 0 0 0 9 3 0 3 0 6 1 21 0 21 0 0 1 0 0.082
239 6 7 33 0 7 604 1 1 1 0 27 2 95 80 4 5 1 50 13 37 1 1 1 0 0.037
234 0 1 1 0 1 33 1 0 1 0 5 4 75 9 2 5 0 28 4 24 1 0 1 0 0.0
236 0 2 31 1 2 163 0 0 1 0 32 3 50 19 1 4 0 63 4 59 0 0 1 0 0.0
235 2 5 91 2 7 241 1 0 1 0 36 8 90 31 11 7 0 91 30 61 1 0 1 0 0.0
238 2 2 4 4 2 23 1 0 1 0 6 2 0 2 1 3 0 26 2 24 1 0 1 0 0.095
262 0 8 56 3 9 493 0 0 1 0 53 7 58 31 7 9 9 127 8 119 0 0 1 0 0.123
269 2 4 41 2 4 186 1 0 1 0 35 5 60 26 1 9 0 88 1 87 1 0 1 0 0.0
268 18 28 223 4 35 1291 1 0 1 0 123 19 74 24 10 14 28 273 41 232 1 0 1 0 0.147
267 8 26 159 34 32 2149 1 0 1 0 250 9 93 39 7 34 1 312 27 285 1 0 1 0 0.006
266 3 4 45 0 4 154 1 1 1 0 27 7 70 9 3 6 2 74 3 71 1 1 1 0 0.051
251 2 3 23 1 4 197 1 0 1 0 32 4 72 18 1 4 10 56 2 54 1 0 1 0 0.274
258 2 7 37 10 9 623 0 0 1 0 86 16 93 82 18 16 18 292 39 253 0 0 1 1 0.13
257 0 1 2 0 2 86 1 0 1 0 16 1 74 23 4 8 2 71 16 55 1 0 1 0 0.053
259 0 1 6 0 1 59 0 0 1 0 11 1 50 19 5 2 1 24 8 16 0 0 1 0 0.077
254 0 1 20 0 1 54 0 0 1 0 15 3 70 13 2 5 0 37 2 35 0 0 1 1 0.068
253 0 6 10 5 11 381 1 0 1 0 31 5 90 84 1 11 4 103 2 101 1 0 1 0 0.071
255 6 12 99 1 15 397 0 0 1 0 79 6 80 40 5 8 1 116 6 110 0 0 1 0 0.028
159 0 3 16 1 3 91 0 0 1 0 13 6 60 20 1 9 0 22 1 21 0 0 1 0 0.0
150 0 1 16 1 1 55 1 0 1 0 13 4 73 15 1 4 0 18 1 17 1 0 1 0 0.0
41 0 2 5 0 2 317 0 0 1 0 27 3 97 85 4 10 0 51 6 45 0 0 1 0 0.0
204 0 3 16 14 4 434 0 0 1 0 47 2 89 79 5 10 7 101 6 95 0 0 1 0 0.15
205 0 9 22 4 10 479 0 0 1 0 33 1 56 107 1 11 5 58 1 57 0 0 1 0 0.089
169 0 2 7 5 3 248 0 0 1 0 24 4 79 58 1 10 4 68 1 67 0 0 1 0 0.103
26 0 2 4 2 2 152 1 0 1 0 23 2 88 43 3 11 0 39 3 36 1 0 1 0 0.0
206 0 4 9 4 5 781 0 0 1 0 18 1 97 193 8 6 18 105 10 95 0 0 1 0 0.25
207 0 1 1 3 3 560 1 0 1 0 49 2 93 91 1 10 19 121 1 120 1 0 1 0 0.239
165 0 2 20 0 2 338 0 0 1 0 30 1 90 57 4 9 8 90 5 85 0 0 1 0 0.151
209 0 3 10 3 3 959 1 0 1 0 8 1 0 74 12 13 130 567 27 540 1 0 1 0 0.313
3 0 2 8 0 2 348 0 0 1 0 19 1 96 99 7 5 0 47 10 37 0 0 1 0 0.0
1 0 3 8 6 4 208 0 0 1 0 28 3 40 49 1 8 0 51 1 50 0 0 1 0 0.0
164 0 2 4 2 3 268 1 0 1 0 24 3 88 63 1 7 5 45 1 44 1 0 1 0 0.169
0 0 4 14 0 4 63 1 0 1 0 5 4 70 20 3 2 0 17 4 13 1 0 1 0 0.0
7 0 1 16 0 1 114 1 0 1 0 16 4 90 29 1 7 0 27 4 23 1 0 1 0 0.0
32 0 1 6 0 1 127 1 0 1 0 14 3 80 25 3 6 0 37 4 33 1 0 1 0 0.0
4 0 3 23 0 3 118 0 0 1 0 17 1 4 27 2 6 0 19 2 17 0 0 1 0 0.0
210 0 1 3 1 2 732 0 0 1 1 60 1 95 228 132 9 6 401 324 77 0 0 1 1 0.231
213 0 1 4 2 2 76 0 0 1 0 12 3 0 11 1 6 2 33 1 32 0 0 1 0 0.105
214 0 2 13 1 2 298 1 0 1 0 37 2 90 77 2 6 2 59 3 56 1 0 1 0 0.068
219 0 1 6 0 1 216 0 0 1 0 23 4 75 36 3 11 4 72 4 68 0 0 1 0 0.1
315 0 1 1 1 2 125 1 0 1 0 15 5 87 28 4 9 1 83 7 76 0 0 1 1 0.078
313 3 6 44 2 8 707 0 0 1 1 94 13 86 30 13 26 11 315 31 284 0 0 1 1 0.104
13 0 4 9 3 4 395 0 0 1 0 40 3 97 118 13 12 0 79 31 48 0 0 1 0 0.0
311 4 5 33 0 5 256 1 0 1 0 22 2 68 31 2 7 0 79 2 77 1 0 1 0 0.0
12 0 1 5 0 1 35 0 0 0 0 0 1 50 8 2 0 0 4 3 1 0 0 1 1 0.172
174 0 1 4 2 2 137 1 0 1 0 16 3 40 19 1 7 7 41 1 40 1 0 1 0 0.25
172 0 1 1 0 2 165 1 0 0 0 10 1 77 18 0 0 20 36 0 36 1 0 0 0 0.526
223 0 1 1 0 1 185 0 0 0 0 10 1 86 36 0 6 4 55 0 55 0 0 0 0 0.127
224 0 3 10 0 3 276 1 0 1 0 35 1 91 64 19 3 4 74 23 51 1 0 1 0 0.093
225 0 2 6 1 3 254 0 0 0 0 16 1 92 73 14 0 2 38 19 19 0 0 0 0 0.093
227 0 1 1 1 1 320 0 0 1 0 32 2 92 63 3 10 23 79 16 63 0 0 1 0 0.365
229 2 2 12 0 2 62 1 0 1 0 10 2 40 5 2 4 0 30 3 27 1 0 1 0 0.0
189 0 1 5 3 1 236 1 0 1 0 23 4 88 51 1 7 12 67 1 66 1 0 1 0 0.255
182 0 3 19 2 5 377 1 0 1 0 46 2 89 58 2 14 4 110 3 107 1 0 1 0 0.067
186 0 1 2 0 1 283 1 0 1 0 7 1 0 20 7 6 36 166 15 151 1 0 1 0 0.303
79 0 2 11 4 2 646 1 0 1 0 38 2 97 170 13 17 0 84 18 66 1 0 1 0 0.0
114 0 1 9 0 1 141 0 0 1 0 23 1 72 32 2 10 0 25 3 22 0 0 1 0 0.0
77 0 1 1 1 1 399 1 1 1 0 30 3 96 105 5 9 0 55 19 36 1 0 1 0 0.0
111 0 1 7 2 1 55 1 0 0 0 10 3 40 10 0 6 0 18 0 18 1 0 0 0 0.0
119 0 1 16 1 1 71 1 0 1 0 15 4 81 18 1 4 0 26 6 20 1 0 1 0 0.0
87 0 4 27 2 4 435 0 0 1 0 40 3 95 116 20 9 0 93 44 49 0 0 1 0 0.0
127 0 1 2 0 1 42 1 0 1 0 6 2 50 11 2 4 0 15 3 12 0 0 1 1 0.139
300 0 4 7 2 6 191 0 0 1 0 10 5 0 15 18 4 5 138 27 111 0 0 1 0 0.089
128 0 4 13 0 5 39 0 0 1 0 12 3 33 9 1 4 0 19 1 18 0 0 1 0 0.0
68 0 1 11 5 1 227 1 0 1 0 27 1 82 38 1 6 0 27 1 26 1 0 1 0 0.0
121 0 1 5 0 1 24 0 0 1 0 11 5 0 6 1 8 0 16 1 15 0 0 1 0 0.0
302 2 4 26 0 4 102 1 0 1 0 10 4 75 13 3 6 0 37 3 34 1 0 1 0 0.0
301 0 1 2 0 1 89 0 0 1 0 19 2 36 19 3 11 2 80 4 76 0 0 1 0 0.048
306 0 3 19 0 7 65 1 0 1 0 12 1 86 6 2 4 0 71 2 69 0 0 1 1 0.231
308 0 1 4 0 2 263 1 1 1 0 15 1 93 37 1 8 11 69 1 68 1 1 1 0 0.242
309 0 1 16 0 1 463 1 0 1 0 46 1 98 110 11 9 2 155 16 139 1 0 1 0 0.024
70 0 2 23 5 2 412 1 0 1 0 75 1 66 114 1 21 0 87 2 85 1 0 1 0 0.0
74 0 1 2 2 2 76 0 0 0 0 13 1 70 18 0 5 0 27 0 27 0 0 0 0 0.208
75 0 1 1 0 1 87 0 0 1 0 16 2 87 21 4 8 0 30 6 24 0 0 1 0 0.0
138 0 3 16 1 3 95 0 0 1 0 13 6 60 22 1 9 0 21 1 20 0 0 1 0 0.0
57 0 4 29 7 6 1118 0 0 1 1 117 2 98 246 32 25 0 285 160 125 0 0 1 1 0.0
139 0 1 5 0 1 111 1 0 1 0 18 6 77 25 1 12 0 34 1 33 1 0 1 0 0.0
65 0 1 10 0 1 50 1 0 1 0 19 3 0 14 2 10 0 31 4 27 1 0 1 0 0.0
146 0 4 5 0 5 212 1 0 1 0 15 1 92 51 18 6 0 61 41 20 0 0 1 1 0.231
45 0 1 6 0 1 64 1 0 1 0 8 2 70 15 2 5 0 11 2 9 1 0 1 0 0.0
148 0 1 1 1 1 47 0 0 0 0 8 2 56 11 0 3 0 13 0 13 0 0 0 0 0.0
149 0 1 3 0 2 86 0 0 1 0 14 3 83 24 2 5 0 22 3 19 0 0 1 0 0.0
47 0 1 1 1 1 115 1 0 1 0 9 1 91 33 4 1 0 17 4 13 1 0 1 0 0.0
54 0 1 1 1 2 177 1 0 1 0 15 1 77 25 2 4 0 25 2 23 1 0 1 0 0.0
140 0 1 4 1 2 182 0 0 1 0 18 2 87 39 3 10 0 28 3 25 0 0 1 0 0.0
285 2 0 2 0 2 186 1 0 1 0 35 5 60 26 1 13 0 88 1 87 1 0 1 0 0.0
283 7 24 125 25 29 2264 1 0 1 0 246 7 94 149 12 36 1 327 26 301 1 0 1 0 0.011
288 2 4 16 8 6 847 0 0 1 0 83 4 75 22 8 16 1 339 12 327 0 0 1 1 0.139
287 0 1 6 1 1 117 0 0 1 0 19 2 80 24 2 9 1 70 3 67 0 0 1 1 0.139
272 0 1 16 0 1 99 1 0 1 0 10 2 90 24 121 14 16 672 405 267 0 0 1 1 0.139
276 0 1 4 0 1 132 0 0 1 0 12 3 80 29 8 10 9 128 8 120 0 0 1 0 0.122
277 7 10 95 3 11 1341 1 0 1 0 126 19 96 66 14 22 30 349 46 303 1 0 1 0 0.14
279 0 1 2 0 1 20 0 0 1 0 2 1 0 4 5 6 8 56 16 40 0 0 1 1 0.172
109 0 1 9 1 1 92 1 0 1 0 7 3 64 23 1 6 0 20 1 19 1 0 1 0 0.0
108 0 9 22 4 11 468 0 0 1 0 35 1 53 121 2 12 0 44 2 42 0 0 1 0 0.089
103 0 2 16 0 2 567 0 0 1 0 16 1 97 145 4 3 0 52 7 45 0 0 1 0 0.0
99 0 1 1 0 1 222 0 0 1 0 6 1 94 55 5 1 0 23 11 12 0 0 1 0 0.0
98 0 2 5 0 3 45 0 0 0 0 4 2 73 11 0 2 0 5 0 5 0 0 0 0 0.0
91 0 1 7 0 1 102 0 0 1 0 7 1 82 32 5 2 0 20 10 10 0 0 1 0 0.0
293 3 4 12 4 7 167 0 0 1 0 38 8 50 4 2 9 6 146 8 138 0 0 1 0 0.138
290 0 2 8 1 2 190 0 0 1 0 32 6 50 25 3 17 0 158 6 152 0 0 1 0 0.0
291 3 19 80 8 21 2111 0 0 1 1 206 19 66 14 105 40 118 1573 386 1187 0 0 1 1 0.139
241 2 3 17 1 4 89 0 0 1 0 25 3 80 10 2 5 1 46 2 44 0 0 1 1 0.172
197 0 2 3 0 2 366 0 0 1 0 44 1 73 99 6 11 2 71 9 62 0 0 1 1 0.104
196 0 1 11 2 1 131 1 0 1 0 25 3 65 17 1 8 5 46 1 45 1 0 1 0 0.196
193 0 1 2 2 1 621 0 0 1 0 40 2 95 133 5 9 32 143 9 134 0 0 1 0 0.308
199 0 2 10 2 3 316 0 0 0 0 18 1 91 56 1 3 10 74 1 73 0 0 0 0 0.208
245 0 1 1 2 1 126 0 0 1 0 5 1 94 35 1 6 0 31 1 30 0 0 1 0 0.0
244 2 2 22 2 2 271 1 0 1 0 40 8 91 36 13 10 0 96 31 65 1 0 1 0 0.0
249 4 4 32 0 4 36 0 0 1 0 18 5 16 7 3 9 2 45 4 41 0 0 1 0 0.082
246 2 2 6 0 2 25 1 0 1 0 5 3 100 4 1 3 1 19 2 17 1 0 1 0 0.035
239 1 1 3 0 1 65 0 0 0 0 7 1 80 14 3 0 1 22 4 18 0 0 0 0 0.083
235 2 3 14 0 3 86 0 0 1 0 14 3 66 9 2 6 1 33 3 30 0 0 1 0 0.057
237 2 3 26 0 3 122 0 0 1 0 18 5 57 25 11 4 1 43 16 27 0 0 1 1 0.172
262 0 1 6 0 1 91 1 0 1 0 12 2 72 23 1 6 10 53 2 51 1 0 1 0 0.274
263 0 1 2 0 1 43 0 0 1 0 7 1 0 12 3 1 0 25 3 22 0 0 1 0 0.0
260 0 2 3 5 2 356 1 0 1 0 61 4 93 67 3 15 11 197 13 184 0 0 1 1 0.104
269 4 4 32 0 4 118 1 0 1 0 20 6 65 14 3 8 0 41 4 37 1 0 1 0 0.0
267 0 1 1 7 4 523 1 0 1 0 33 5 94 124 2 10 4 104 2 102 1 0 1 0 0.07
265 0 3 12 0 6 120 0 0 1 0 21 4 77 11 3 8 1 60 4 56 0 0 1 0 0.032
250 0 1 1 0 1 125 1 0 1 0 4 2 77 24 4 2 1 20 8 12 1 0 1 0 0.091
252 0 2 2 0 2 152 1 0 1 0 13 3 70 19 1 7 10 135 2 133 1 0 1 0 0.129
254 0 1 6 0 2 18 1 0 0 0 1 1 25 4 0 8 23 135 0 135 1 0 0 0 0.246
338 2 3 13 5 3 670 1 0 1 0 70 11 91 36 12 10 0 148 47 101 1 0 1 0 0.0
333 9 12 79 2 13 1186 0 0 1 0 129 10 83 63 2 15 0 230 8 222 0 0 1 0 0.0
158 0 1 2 1 1 116 1 0 1 0 18 4 94 31 2 9 0 31 3 28 1 0 1 0 0.0
156 0 6 22 1 6 305 0 0 1 0 31 2 77 79 1 10 0 40 1 39 0 0 1 0 0.0
337 0 2 28 2 4 746 0 0 1 1 62 1 95 233 130 12 103 686 376 310 0 0 1 1 0.199
155 0 3 20 4 3 250 0 0 1 0 39 1 78 58 1 10 0 51 1 50 0 0 1 0 0.0
334 12 6 28 4 12 1037 0 0 1 0 68 2 52 116 3 10 5 102 3 99 0 0 1 0 0.089
153 0 1 1 0 1 182 0 0 1 0 18 2 87 39 3 9 0 28 3 25 0 0 1 0 0.0
202 0 2 4 0 3 179 0 0 1 0 20 3 91 40 3 7 5 38 4 34 0 0 1 0 0.208
204 0 2 11 3 2 216 0 0 1 0 28 3 62 44 1 8 2 49 1 48 0 0 1 0 0.074
200 0 1 4 0 1 203 0 0 1 0 20 3 72 12 1 7 8 65 1 64 0 0 1 0 0.198
25 0 1 2 0 1 195 0 0 0 0 33 3 80 41 0 9 0 39 0 39 0 0 0 0 0.0
207 0 2 21 1 3 238 1 0 1 0 25 4 88 51 1 9 12 70 1 69 1 0 1 0 0.255
209 0 3 22 1 3 214 0 0 1 0 18 4 81 50 1 11 2 48 1 47 0 0 1 0 0.077
161 0 1 13 0 1 47 0 0 0 0 8 2 56 11 0 3 0 13 0 13 0 0 0 0 0.0
1 0 3 12 1 7 219 0 0 1 0 28 3 40 52 1 8 0 51 1 50 0 0 1 0 0.0
163 0 1 2 1 1 82 1 0 1 0 13 4 74 22 1 4 0 18 1 17 1 0 1 0 0.0
7 0 1 27 0 1 118 0 0 1 0 17 1 4 27 2 5 0 19 2 17 0 0 1 1 0.079
30 0 2 19 0 2 159 1 0 1 0 23 2 88 45 3 10 0 39 3 36 1 0 1 0 0.0
6 0 3 23 0 3 51 0 0 1 0 5 1 19 14 2 1 0 17 3 14 0 0 1 1 0.122
5 0 2 23 2 2 85 1 0 1 0 16 3 82 21 2 8 0 33 3 30 1 0 1 0 0.0
8 0 2 16 0 2 56 0 0 0 0 5 1 80 15 2 2 0 8 2 6 0 0 0 0 0.0
211 0 2 5 3 3 630 0 0 1 0 41 2 95 136 4 12 32 144 9 135 0 0 1 0 0.3
318 8 25 183 7 26 1199 0 0 1 1 202 45 93 57 163 49 114 2454 962 1492 0 0 1 1 0.122
215 0 2 4 2 2 123 1 0 1 0 21 3 65 16 1 9 5 41 1 40 1 0 1 0 0.192
216 0 1 1 0 1 22 0 0 1 0 4 3 66 3 1 6 2 22 1 21 0 0 1 0 0.154
316 0 1 27 0 1 44 0 0 1 0 7 2 80 10 1 6 4 35 2 33 0 0 1 0 0.186
317 2 2 12 1 3 247 1 0 1 0 18 4 78 42 3 3 0 40 4 36 1 0 1 0 0.0
219 0 1 4 0 1 152 1 0 1 0 8 3 56 10 1 6 2 31 1 30 1 0 1 0 0.114
18 0 3 11 1 3 453 0 0 1 0 42 3 97 131 14 14 0 81 31 50 0 0 1 0 0.0
178 0 1 1 2 1 210 0 0 1 0 19 1 85 51 2 9 4 61 2 59 0 0 1 0 0.079
312 0 3 10 0 3 190 0 0 1 0 9 4 93 42 18 8 7 144 27 117 0 0 1 0 0.08
217 0 2 3 0 2 342 0 0 0 0 18 1 92 66 1 3 10 76 1 75 0 0 0 0 0.206
16 0 3 13 5 3 249 0 0 1 0 38 1 78 58 1 9 0 50 1 49 0 0 1 0 0.0
176 0 1 1 3 2 295 1 0 1 0 26 3 87 70 3 8 5 49 3 46 1 0 1 0 0.167
12 0 1 5 0 1 110 1 0 1 0 14 2 92 31 1 4 0 19 2 17 1 0 1 0 0.0
170 0 2 7 0 2 112 0 0 1 0 13 6 66 26 1 9 0 22 1 21 0 0 1 0 0.0
175 0 1 2 0 2 313 0 0 1 0 34 1 77 88 5 4 0 47 7 40 0 0 1 0 0.0
172 0 1 4 0 1 133 1 0 1 0 15 2 81 32 2 10 0 34 5 29 1 0 1 0 0.0
220 0 1 6 0 1 93 1 0 0 0 7 2 85 12 0 2 6 42 0 42 1 0 0 0 0.222
222 0 10 22 5 14 602 0 0 1 0 54 2 90 84 4 12 12 136 6 130 0 0 1 0 0.15
223 0 2 16 0 2 166 1 0 0 0 18 1 75 27 1 3 5 27 1 26 1 0 0 0 0.27
328 2 4 21 2 4 263 0 0 1 0 34 4 90 31 11 12 2 108 14 94 0 0 1 0 0.036
225 0 5 29 5 5 789 0 0 1 0 21 1 97 196 8 8 18 108 10 98 0 0 1 0 0.239
226 0 1 3 0 3 568 1 0 1 0 49 2 93 92 1 10 19 121 1 120 1 0 1 0 0.233
227 0 1 2 1 1 107 0 0 1 0 11 3 64 17 1 3 5 22 1 21 0 0 1 0 0.313
323 28 31 228 8 31 608 0 0 1 0 138 33 66 3 18 15 29 361 49 312 0 0 1 0 0.12
228 0 1 2 2 3 1007 1 0 1 0 8 1 0 76 13 13 134 588 27 561 1 0 1 0 0.313
188 0 2 22 0 2 88 0 0 1 0 19 3 77 22 1 9 2 30 1 29 0 0 1 0 0.118
324 27 44 415 9 49 1383 0 0 1 1 298 77 0 4 185 67 109 2997 962 2035 0 0 1 1 0.122
229 0 3 24 0 3 98 1 0 1 0 19 2 75 28 3 2 2 43 3 40 1 0 1 0 0.085
187 0 2 7 3 2 140 1 0 1 0 17 3 40 21 1 9 7 42 1 41 1 0 1 0 0.259
189 0 1 2 2 1 323 1 0 1 0 40 1 94 78 3 11 8 81 3 78 1 0 1 0 0.165
322 0 3 6 0 3 20 1 0 1 0 5 1 50 3 2 9 1 55 4 51 1 0 1 0 0.033
10 0 1 2 0 1 123 0 0 0 0 22 1 75 31 1 4 0 25 1 24 0 0 0 0 0.0
181 0 5 11 2 7 267 0 0 1 0 24 4 80 55 1 10 4 70 1 69 0 0 1 0 0.079
182 0 1 1 0 1 90 0 0 1 0 16 2 60 21 3 9 2 34 7 27 0 0 1 0 0.105
78 0 5 31 1 5 225 1 0 1 0 27 1 82 39 1 11 0 27 1 26 1 0 1 0 0.0
115 0 2 19 1 2 109 1 0 1 0 15 4 75 27 2 11 0 28 2 26 1 0 1 0 0.0
113 0 2 22 0 2 37 0 0 1 0 11 3 60 10 2 6 0 16 3 13 0 0 1 0 0.0
83 0 1 27 0 1 326 1 1 1 0 8 1 50 90 2 6 0 12 2 10 1 1 1 0 0.0
80 0 6 61 2 6 447 1 0 1 0 83 1 73 123 1 25 0 95 2 93 1 0 1 0 0.0
84 0 1 5 0 1 108 0 0 1 0 24 1 75 23 1 1 0 42 1 41 0 0 1 0 0.0
125 0 1 4 1 1 92 1 0 1 0 7 3 64 23 1 7 0 20 1 19 1 0 1 0 0.0
127 0 2 3 0 2 95 1 0 0 0 16 3 77 20 0 6 0 31 0 31 1 0 0 0 0.0
121 0 3 36 0 3 37 0 0 1 0 10 1 16 8 1 2 0 20 1 19 0 0 1 1 0.063
302 1 7 20 6 9 802 0 0 1 1 111 10 80 12 69 21 60 698 272 426 0 0 1 1 0.105
122 0 2 22 0 2 65 1 0 1 0 20 3 82 19 2 8 0 30 4 26 1 0 1 0 0.0
301 0 1 3 4 1 506 1 0 1 0 32 3 91 95 16 23 30 369 49 320 1 0 1 0 0.146
123 0 1 3 0 1 64 0 0 1 0 11 1 87 13 1 6 0 23 1 22 0 0 1 0 0.0
304 2 3 17 1 3 152 0 0 1 0 18 7 52 14 1 8 0 64 2 62 0 0 1 0 0.0
307 0 1 3 2 3 175 0 0 1 0 33 2 90 46 2 7 0 61 2 59 0 0 1 0 0.0
70 0 1 1 0 1 89 0 0 1 0 24 3 58 19 1 6 0 29 1 28 0 0 1 1 0.044
120 0 1 2 0 1 94 0 0 0 0 20 1 78 22 1 2 0 29 1 28 0 0 0 0 0.0
76 0 1 4 1 1 106 1 0 1 0 14 3 67 23 1 5 0 27 1 26 1 0 1 0 0.0
132 0 1 15 0 2 40 0 0 1 0 33 1 0 23 1 3 0 38 3 35 0 0 1 0 0.0
59 0 1 5 2 1 70 1 0 0 0 5 1 83 17 3 0 0 10 3 7 1 0 0 0 0.0
133 0 2 29 0 2 107 1 1 1 0 23 2 91 32 1 16 0 44 2 42 1 1 1 0 0.0
57 0 1 4 0 1 249 0 0 1 0 11 1 94 69 3 2 0 25 6 19 0 0 1 0 0.0
139 0 1 1 2 2 67 0 0 1 0 17 3 75 15 1 8 0 24 1 23 0 0 1 0 0.0
56 0 2 22 0 2 205 0 0 1 0 20 1 94 57 6 7 0 32 9 23 0 0 1 0 0.0
136 0 1 6 2 1 73 1 0 1 0 17 4 81 18 1 7 0 28 6 22 1 0 1 0 0.0
64 0 5 26 12 7 1162 0 0 1 1 119 2 98 257 32 27 0 293 166 127 0 0 1 1 0.0
60 0 1 5 0 1 305 1 0 1 0 34 1 92 76 17 3 0 68 29 39 1 0 1 0 0.0
61 0 1 3 0 2 192 1 0 1 0 19 1 77 29 2 5 0 32 2 30 1 0 1 0 0.0
143 0 1 1 0 2 94 0 0 1 0 18 3 82 20 1 6 0 29 1 28 0 0 1 0 0.0
144 0 1 27 0 1 318 1 1 1 0 16 1 65 79 2 7 0 20 2 18 1 1 1 0 0.0
145 0 1 2 0 1 101 1 0 0 0 22 3 81 25 1 10 0 32 1 31 1 0 0 0 0.0
148 0 1 1 0 1 64 1 0 1 0 12 2 85 17 2 5 0 16 2 14 1 0 1 0 0.0
52 0 1 1 0 1 123 1 0 1 0 11 1 91 35 4 2 0 21 4 17 1 0 1 0 0.0
53 0 1 3 0 1 44 1 0 0 0 2 1 76 13 1 0 0 4 1 3 1 0 0 0 0.0
141 0 2 19 0 2 107 0 0 1 0 24 1 89 31 2 4 0 36 6 30 0 0 1 0 0.0
281 0 5 20 3 7 589 1 0 1 0 35 5 94 141 2 10 4 107 2 105 1 0 1 0 0.069
280 6 15 109 13 16 1273 0 0 1 1 145 22 92 36 41 27 25 589 124 465 0 0 1 0 0.106
285 0 2 15 1 3 76 0 0 1 0 13 2 66 20 2 6 0 39 4 35 0 0 1 0 0.0
284 0 1 27 1 1 25 1 0 1 0 4 2 0 6 8 12 2 73 17 56 1 0 1 0 0.052
286 3 4 40 3 5 214 0 0 1 0 19 8 63 22 4 8 3 72 12 60 0 0 1 0 0.077
287 0 2 6 0 2 149 0 0 1 0 21 1 0 42 14 19 3 177 17 160 0 0 1 1 0.079
271 0 1 4 0 1 58 0 0 1 1 9 4 84 15 163 8 5 1044 980 64 0 0 1 1 0.009
274 7 7 105 0 7 124 0 0 1 1 51 12 42 9 57 6 9 227 125 102 0 0 1 1 0.128
277 0 3 17 0 3 100 0 0 1 0 12 3 0 12 3 1 0 25 3 22 0 0 1 0 0.0
101 0 2 7 6 2 428 0 0 1 0 40 3 95 116 20 10 0 97 48 49 0 0 1 0 0.0
97 0 2 2 0 2 186 1 0 1 0 11 3 81 62 3 7 0 27 3 24 1 0 1 0 0.0
92 0 5 53 4 5 649 1 0 1 0 38 2 97 171 12 17 0 82 17 65 1 0 1 0 0.0
296 3 3 9 2 3 94 1 0 1 0 35 15 0 2 4 15 6 141 4 137 0 0 1 1 0.099
295 0 1 3 0 1 58 0 0 1 0 4 3 33 15 11 5 0 58 12 46 0 0 1 1 0.122
292 2 3 27 0 3 37 1 0 0 0 12 2 100 1 0 6 0 17 0 17 1 0 0 0 0.0
291 0 2 2 0 3 370 0 0 1 0 45 5 65 32 7 12 9 130 8 122 0 0 1 0 0.122
297 0 3 15 1 3 82 0 0 1 0 6 3 61 17 1 5 0 39 2 37 0 0 1 0 0.0
299 0 21 66 23 29 2264 1 0 1 0 258 7 98 398 14 42 2 353 30 323 1 0 1 0 0.011
88 0 1 4 4 1 218 0 0 1 0 22 4 87 46 1 7 0 45 1 44 0 0 1 0 0.0
89 0 2 4 0 2 133 0 0 1 0 22 2 73 31 2 6 0 34 2 32 0 0 1 0 0.0
197 0 2 22 3 2 378 1 0 1 0 46 2 89 58 2 12 4 111 3 108 1 0 1 0 0.067
245 0 4 25 3 5 477 0 0 1 0 48 1 88 125 5 10 2 65 7 58 0 0 1 0 0.058
243 0 1 4 1 2 258 0 0 0 0 16 1 92 74 13 0 2 39 20 19 0 0 0 0 0.091
249 0 2 15 0 2 140 1 0 1 0 26 2 0 12 5 3 0 41 9 32 1 0 1 0 0.0
246 0 1 2 0 1 340 0 0 1 0 34 2 92 64 3 9 25 87 17 70 0 0 1 0 0.36
232 0 2 7 3 2 75 0 0 1 0 13 3 0 14 1 7 2 34 1 33 0 0 1 0 0.111
234 0 1 2 0 1 79 0 0 0 0 11 1 57 11 2 0 2 25 2 23 0 0 0 0 0.138
233 0 1 5 1 1 289 1 0 1 0 34 2 90 76 2 5 2 55 3 52 1 0 1 0 0.068
236 0 3 21 0 3 164 0 0 1 0 30 1 95 43 1 6 5 38 2 36 0 0 1 0 0.208
238 0 4 16 1 4 293 1 0 1 0 27 2 87 45 1 6 7 69 1 68 1 0 1 0 0.169
262 0 1 11 0 1 28 1 0 0 0 10 1 0 6 0 3 0 26 0 26 1 0 0 0 0.0
263 0 1 2 0 1 24 0 0 1 0 9 2 42 7 3 12 2 45 4 41 0 0 1 0 0.082
261 5 5 65 5 5 297 0 0 1 0 52 12 60 18 3 13 11 135 4 131 0 0 1 0 0.14
269 4 4 44 0 4 107 1 0 1 0 20 4 25 3 3 6 9 43 4 39 1 0 1 0 0.295
268 0 1 6 2 1 340 1 0 0 0 33 1 82 43 0 8 23 141 0 141 1 0 0 0 0.246
265 0 1 27 1 1 125 1 0 1 0 4 2 77 24 6 2 1 20 8 12 1 0 1 0 0.06
264 0 2 21 0 3 185 0 0 1 0 30 9 33 14 2 5 4 67 2 65 0 0 1 1 0.073
250 4 4 38 2 4 395 1 0 1 0 22 3 91 59 9 7 1 43 21 22 1 0 1 0 0.043
258 2 2 54 0 2 55 1 0 1 0 7 7 66 7 2 6 0 25 4 21 1 0 1 0 0.0
257 0 1 3 0 1 242 1 0 1 0 15 1 92 68 5 9 1 29 8 21 1 0 1 0 0.065
253 0 2 5 0 2 76 0 0 1 0 4 8 75 8 2 2 0 27 5 22 0 0 1 0 0.0
338 2 10 100 4 21 651 0 0 1 1 80 14 94 36 36 24 9 388 89 299 0 0 1 1 0.094
339 0 3 7 1 3 25 1 0 1 0 8 1 50 5 2 9 1 58 4 54 1 0 1 0 0.033
332 46 54 685 22 107 1680 0 0 1 1 396 127 84 23 76 52 93 1698 367 1331 0 0 1 1 0.272
159 0 1 4 0 1 111 1 0 1 0 18 7 77 25 1 11 0 35 1 34 1 0 1 0 0.0
331 0 1 8 0 5 182 1 0 1 0 13 2 78 42 3 3 0 41 4 37 1 0 1 0 0.0
336 3 7 50 0 11 431 0 0 1 1 64 9 97 89 21 27 15 383 39 344 0 0 1 1 0.094
39 0 1 22 0 1 93 1 0 1 0 2 1 92 26 1 1 0 5 1 4 1 0 1 0 0.0
37 0 1 4 0 2 26 0 0 1 0 0 1 41 7 2 1 0 4 2 2 0 0 1 1 0.091
335 0 5 8 1 9 225 0 0 1 0 24 2 66 6 5 10 4 93 5 88 0 0 1 0 0.082
42 0 1 4 0 1 43 0 0 1 0 3 4 83 12 3 1 0 7 3 4 0 0 1 1 0.039
202 0 2 10 0 5 125 1 0 1 0 21 3 65 17 1 10 5 42 2 40 1 0 1 0 0.189
200 0 3 12 4 7 663 0 0 1 0 42 3 95 144 6 9 32 149 12 137 0 0 1 0 0.297
169 0 1 12 0 3 47 0 0 0 0 8 2 56 11 0 3 0 13 0 13 0 0 0 0 0.0
342 33 58 425 20 116 4039 0 0 1 1 536 79 83 18 271 61 710 5724 2807 2917 0 0 1 1 0.272
343 28 59 470 24 93 2370 0 0 1 1 392 118 0 31 236 89 330 4731 1638 3093 0 0 1 1 0.272
344 2 5 76 5 9 403 0 0 1 0 56 11 72 15 9 14 3 163 15 148 0 0 1 1 0.09
345 0 1 3 0 4 71 0 0 1 0 15 2 70 17 1 6 1 45 1 44 0 0 1 0 0.056
165 0 1 2 0 3 120 1 0 1 0 19 5 94 32 2 7 0 31 3 28 1 0 1 0 0.0
207 0 3 11 0 9 605 0 0 1 0 54 2 91 85 6 12 12 136 6 130 0 0 1 0 0.157
347 9 28 237 11 63 1917 0 0 1 1 291 57 90 27 63 56 46 1271 224 1047 0 0 1 1 0.272
167 0 1 12 0 2 57 0 0 1 0 17 3 50 13 1 7 0 19 1 18 0 0 1 0 0.0
209 0 1 1 0 3 107 0 0 1 0 11 3 64 17 1 3 5 22 1 21 0 0 1 0 0.313
29 0 1 19 0 4 162 1 0 1 0 22 3 88 45 3 9 0 39 3 36 1 0 1 0 0.0
162 0 5 33 2 5 250 0 0 1 0 39 1 78 58 1 10 0 51 1 50 0 0 1 1 0.054
163 0 1 11 1 5 305 0 0 1 0 31 2 77 79 1 9 0 40 1 39 0 0 1 0 0.0
1 0 2 41 2 6 223 0 0 1 0 28 3 40 53 1 7 0 51 1 50 0 0 1 0 0.0
6 0 2 25 2 4 83 1 0 1 0 16 4 82 21 2 7 0 33 3 30 1 0 1 0 0.103
340 0 1 8 1 3 75 0 0 1 0 12 3 80 19 1 8 2 52 1 51 0 0 1 0 0.073
4 0 1 6 0 1 46 0 0 1 0 10 2 66 10 1 5 0 25 1 24 0 0 1 0 0.0
212 0 5 20 0 7 70 0 0 1 0 12 3 0 12 1 6 2 32 1 31 0 0 1 0 0.111
210 0 3 4 1 5 1007 1 0 1 0 8 1 0 76 14 10 134 588 27 561 1 0 1 0 0.329
318 0 1 8 1 4 177 0 0 1 0 32 2 90 47 2 8 0 60 2 58 0 0 1 0 0.0
319 0 2 20 0 5 119 1 0 1 0 17 1 83 25 1 5 0 54 2 52 1 0 1 0 0.0
213 0 1 8 0 3 171 0 0 1 0 21 2 76 32 2 5 4 45 6 39 0 0 1 0 0.151
314 8 9 59 1 14 239 0 0 1 0 28 5 80 45 3 9 1 44 7 37 0 0 1 0 0.043
17 0 1 7 3 4 475 0 0 1 0 42 4 97 138 14 12 0 82 31 51 0 0 1 0 0.0
315 7 23 116 7 45 889 0 0 1 1 153 36 36 15 95 38 74 1255 308 947 0 0 1 1 0.272
312 2 4 24 1 6 152 0 0 1 0 18 7 52 14 1 7 0 64 2 62 0 0 1 0 0.0
15 0 5 16 1 6 252 0 0 1 0 39 1 78 58 1 9 0 50 1 49 0 0 1 0 0.0
218 0 1 2 1 3 256 0 0 0 0 17 1 92 72 12 0 2 40 20 20 0 0 1 0 0.075
313 0 2 21 2 7 201 0 0 1 1 28 5 78 22 75 14 31 421 177 244 0 0 1 1 0.13
311 0 3 24 0 3 119 1 0 1 0 14 3 80 24 2 3 4 36 5 31 0 0 1 1 0.09
175 0 1 5 1 5 186 0 0 1 0 18 1 16 50 1 6 0 39 1 38 0 0 1 0 0.0
172 0 1 15 1 2 79 1 0 1 0 5 3 84 17 2 2 0 13 4 9 1 0 1 0 0.0
220 0 1 8 0 6 319 1 0 1 0 28 3 87 73 3 7 5 50 3 47 1 0 1 0 0.167
221 0 1 8 0 2 113 0 0 1 0 15 2 79 17 1 9 2 34 1 33 0 0 1 0 0.105
223 0 5 20 1 7 135 1 0 1 0 16 3 40 19 1 7 7 40 1 39 1 0 1 0 0.259
224 0 1 8 0 2 170 0 0 0 0 17 1 88 38 0 4 2 32 0 32 0 0 0 0 0.111
328 0 4 32 3 12 284 0 0 1 0 37 3 82 26 9 10 0 72 12 60 0 0 1 0 0.0
228 0 1 2 1 2 250 0 0 0 0 13 2 93 34 0 6 22 132 0 132 0 0 0 0 0.253
188 0 1 1 1 2 204 1 0 1 0 38 1 91 46 1 9 5 54 2 52 1 0 1 0 0.156
323 0 3 14 2 5 27 0 0 1 0 10 3 64 7 3 9 2 41 3 38 0 0 1 1 0.094
324 15 18 110 0 35 474 0 0 1 0 105 26 66 3 20 18 24 353 46 307 0 0 1 0 0.123
326 33 51 419 19 124 2863 0 0 1 1 442 96 53 22 55 55 55 1627 144 1483 0 0 1 1 0.272
322 0 1 6 0 1 43 0 0 1 0 3 2 0 15 16 3 5 115 27 88 0 0 1 0 0.066
183 0 1 6 2 1 47 0 0 1 0 7 1 0 14 1 6 0 11 1 10 0 0 1 0 0.0
116 0 1 6 0 1 58 0 0 1 0 13 2 43 14 2 2 0 24 2 22 0 0 1 0 0.0
117 0 1 7 0 1 264 0 0 0 0 5 1 75 77 1 0 0 7 1 6 0 0 0 0 0.0
79 0 2 13 3 5 475 1 0 1 0 86 1 73 131 1 27 0 98 2 96 1 0 1 0 0.0
114 0 1 1 2 2 222 0 0 1 0 6 1 94 55 5 1 0 23 11 12 0 0 1 0 0.0
78 0 1 11 0 1 122 0 0 1 0 12 3 85 30 1 4 0 20 3 17 0 0 1 0 0.0
113 0 1 6 0 2 45 0 0 0 0 5 2 73 11 0 2 0 6 0 6 0 0 0 0 0.0
118 0 3 21 0 5 115 1 0 1 0 18 4 75 28 2 11 0 30 2 28 1 0 1 0 0.0
87 0 2 9 4 6 216 0 0 1 0 22 4 89 45 1 9 0 45 1 44 0 0 1 0 0.0
85 0 1 7 0 1 51 1 0 1 0 6 1 61 16 1 2 0 10 1 9 1 0 1 0 0.0
128 0 2 8 0 4 94 1 0 1 0 7 3 64 24 1 7 0 20 1 19 1 0 1 0 0.0
301 7 11 100 14 27 1425 1 0 1 0 127 19 74 24 18 22 30 351 48 303 1 0 1 0 0.144
306 3 3 15 4 8 133 1 1 1 0 19 5 70 9 3 11 2 74 3 71 1 1 1 0 0.062
305 0 1 8 1 4 82 0 0 1 0 6 3 61 17 1 5 0 38 2 36 0 0 1 0 0.0
307 15 28 169 9 44 2504 1 0 1 0 282 9 93 33 14 46 2 361 29 332 1 0 1 0 0.011
309 2 2 38 0 3 94 0 0 1 0 25 5 60 11 6 11 0 43 7 36 0 0 1 0 0.0
70 0 1 4 0 1 47 0 0 1 0 9 2 0 13 1 4 0 17 1 16 0 0 1 0 0.0
73 0 1 11 1 3 50 1 0 1 0 19 3 0 14 2 12 0 31 4 27 1 0 1 0 0.0
137 0 1 19 0 3 110 1 1 1 0 23 2 91 33 1 17 0 44 2 42 1 1 1 0 0.0
65 0 12 45 10 18 1197 0 0 1 1 121 2 98 268 37 28 0 296 169 127 0 0 1 1 0.0
60 0 1 6 2 2 70 1 0 0 0 5 1 83 17 3 0 0 10 3 7 1 0 0 0 0.0
131 0 1 22 0 1 29 0 0 1 0 6 3 60 6 4 6 0 18 6 12 0 0 1 0 0.0
143 0 2 13 0 2 78 0 0 1 0 19 3 76 17 1 8 0 25 1 24 0 0 1 0 0.0
48 0 1 3 0 1 64 1 0 1 0 8 2 70 15 1 4 0 11 2 9 1 0 1 0 0.0
146 0 1 2 0 3 52 1 0 1 0 6 2 53 15 3 5 0 17 4 13 1 0 1 0 0.0
147 0 3 33 0 4 61 0 0 1 0 13 3 66 15 1 5 0 22 1 21 0 0 1 0 0.0
44 0 3 10 0 5 295 0 0 1 0 25 3 97 80 4 10 0 46 5 41 0 0 1 0 0.0
47 0 1 11 1 3 89 0 0 1 0 12 4 50 20 2 5 0 21 2 19 0 0 1 0 0.0
52 0 1 6 0 2 48 1 0 0 0 5 1 71 14 2 0 0 8 3 5 1 0 0 0 0.0
53 0 1 12 0 1 117 0 0 0 0 15 1 0 29 0 2 0 28 0 28 1 0 1 0 0.024
54 0 1 27 0 1 48 1 0 1 0 17 3 0 11 1 5 0 22 4 18 1 0 1 0 0.0
140 0 4 57 1 5 75 1 0 1 0 17 4 80 19 1 6 0 28 6 22 1 0 1 0 0.0
285 0 1 7 0 4 276 0 0 1 1 49 3 84 70 9 22 1 111 14 97 0 0 1 1 0.079
284 17 17 459 4 17 288 0 0 1 0 129 57 43 13 2 9 23 177 13 164 0 0 1 0 0.153
283 0 1 8 3 5 508 1 0 1 0 35 1 94 31 4 15 15 247 13 234 1 0 1 0 0.08
282 0 3 11 0 7 86 1 0 0 0 13 3 38 16 5 0 0 26 5 21 1 0 0 0 0.0
289 0 3 42 3 6 246 0 0 1 0 32 2 0 20 17 11 3 168 44 124 0 0 1 0 0.025
270 5 5 35 0 11 297 0 0 1 0 52 13 60 18 2 11 11 135 4 131 0 0 1 0 0.142
273 8 0 8 5 20 339 1 0 1 0 29 6 72 22 1 8 10 147 2 145 1 0 1 0 0.113
275 2 3 23 0 5 548 1 1 1 0 20 4 92 59 10 6 2 74 19 55 1 1 1 0 0.051
276 0 2 7 2 4 340 1 0 0 0 33 1 82 43 0 8 23 141 0 141 1 0 0 0 0.245
279 0 1 1 1 4 40 0 0 1 1 6 5 60 10 168 7 5 1069 1008 61 0 0 1 1 0.009
108 0 1 2 1 1 48 0 0 0 0 11 3 75 8 1 0 0 24 1 23 0 0 1 0 0.0
99 0 2 8 0 4 39 0 0 1 0 11 1 62 9 2 7 0 22 3 19 0 0 1 0 0.0
102 0 7 23 1 10 462 0 0 1 0 43 3 95 127 25 9 0 108 56 52 0 0 1 0 0.0
97 0 2 3 2 4 185 1 0 1 0 12 3 81 62 3 7 0 28 3 25 1 0 1 0 0.0
95 0 1 1 2 3 272 0 0 1 0 24 1 91 81 1 5 0 37 1 36 0 0 1 0 0.0
92 0 8 42 3 9 670 1 0 1 0 41 3 97 173 13 19 0 89 18 71 1 0 1 0 0.0
294 0 2 8 2 4 74 1 0 1 0 12 3 0 6 10 11 2 73 17 56 1 0 1 0 0.051
293 10 10 270 2 10 463 0 0 1 0 73 24 0 3 1 6 8 123 11 112 0 0 1 0 0.114
296 3 3 21 0 6 102 0 0 1 0 14 5 0 6 3 8 3 72 12 60 0 0 1 0 0.076
295 2 2 14 0 5 124 0 0 1 0 22 4 66 12 2 5 0 40 4 36 0 0 1 0 0.0
290 0 3 32 4 7 752 1 0 1 0 51 8 84 30 2 12 4 108 2 106 1 0 1 0 0.088
297 7 9 149 3 13 690 0 0 1 0 78 16 92 36 21 18 18 303 44 259 0 0 1 1 0.105
299 0 3 14 2 5 269 0 0 1 0 21 3 88 34 15 4 0 49 21 28 0 0 1 0 0.0
88 0 1 15 2 3 420 1 1 1 0 30 3 96 112 5 9 0 55 19 36 1 1 1 0 0.0
89 0 2 4 0 5 133 0 0 1 0 22 2 73 31 2 9 0 34 2 32 0 0 1 0 0.0
241 0 7 39 2 12 742 0 0 1 0 19 1 97 181 7 6 16 102 10 92 0 0 1 0 0.239
195 0 1 1 0 2 38 0 0 1 0 5 3 0 2 1 3 2 29 1 28 0 0 1 1 0.272
194 0 4 21 2 5 373 1 0 1 0 47 2 89 58 2 15 4 111 3 108 1 0 1 0 0.081
197 0 3 40 0 3 64 1 0 1 0 17 5 62 16 2 7 2 28 2 26 1 0 1 0 0.125
196 0 1 15 4 4 211 0 0 1 0 28 3 70 43 1 7 2 50 1 49 0 0 1 0 0.069
192 0 1 6 0 4 109 1 0 1 0 12 2 72 18 1 3 2 19 2 17 1 0 1 0 0.167
198 0 2 13 0 4 249 1 0 1 0 25 4 89 54 1 8 12 70 1 69 1 0 1 0 0.258
245 0 1 9 1 4 309 1 0 1 0 34 2 91 82 2 5 2 55 3 52 1 0 1 0 0.068
242 0 1 6 4 1 164 1 0 1 0 9 1 100 13 1 4 22 72 1 71 1 0 1 0 0.424
249 0 3 8 1 7 293 1 0 1 0 27 2 87 45 1 8 7 69 1 68 1 0 1 0 0.167
246 0 1 1 0 2 108 1 0 1 0 7 1 58 15 1 1 16 50 1 49 1 0 1 0 0.39
231 0 1 8 1 5 94 0 0 0 0 14 1 70 18 0 5 5 38 0 38 0 0 0 0 0.208
236 0 1 12 3 3 214 0 0 1 0 18 4 81 50 1 9 2 48 1 47 0 0 1 0 0.074
263 1 2 10 0 4 65 0 0 0 0 7 1 80 15 4 0 1 25 7 18 0 0 0 0 0.074
260 0 2 27 2 2 97 0 0 1 0 26 2 0 13 1 8 0 51 2 49 0 0 1 0 0.0
268 4 7 94 3 11 291 1 0 1 0 40 8 91 37 11 10 0 93 28 65 1 0 1 0 0.0
265 0 1 19 2 1 49 0 0 1 0 15 3 84 14 2 6 1 46 2 44 0 0 1 0 0.269
250 0 3 20 0 4 93 1 0 1 0 10 2 77 12 1 5 5 17 1 16 1 0 1 0 0.333
351 2 5 57 0 8 168 0 0 1 0 34 5 65 13 45 17 10 376 105 271 0 0 1 1 0.054
352 2 3 5 0 9 1046 0 0 1 0 68 2 52 117 3 10 5 102 3 99 0 0 1 0 0.143
258 6 6 50 5 8 401 1 0 1 0 22 3 91 60 12 6 1 44 22 22 1 0 1 0 0.04
254 0 3 20 3 9 488 0 0 1 0 48 1 86 125 5 7 2 65 7 58 0 0 1 0 0.055
338 4 7 36 3 9 281 1 0 1 0 32 8 87 48 2 6 0 69 4 65 1 0 1 0 0.0
339 3 3 33 0 6 119 1 1 1 0 29 7 70 8 3 12 2 61 3 58 1 0 1 0 0.073
330 13 10 108 1 14 522 0 0 1 0 123 27 86 21 5 16 43 234 11 223 0 0 1 0 0.265
331 0 1 9 1 2 173 0 0 1 0 21 1 86 43 18 4 0 66 34 32 0 0 1 0 0.0
34 0 1 7 2 1 116 0 0 1 0 44 1 0 28 1 18 0 48 1 47 0 0 1 0 0.0
336 9 20 165 7 28 1764 1 0 1 0 172 26 73 27 17 25 31 370 50 320 1 0 1 0 0.143
337 0 1 15 0 2 88 0 0 1 0 6 3 61 20 1 5 0 38 2 36 0 0 1 0 0.0
155 0 1 13 0 1 37 0 0 0 0 8 1 60 10 1 0 0 12 1 11 0 0 0 0 0.0
334 0 3 14 2 5 261 0 0 1 0 33 10 75 33 2 12 0 61 2 59 0 0 1 0 0.0
154 0 1 12 0 1 61 0 0 0 0 22 2 33 6 0 7 0 28 0 28 0 0 1 0 0.063
335 0 1 6 0 1 57 0 0 1 0 4 3 33 15 12 5 0 60 14 46 0 0 1 0 0.0
152 0 1 13 0 1 302 0 0 1 0 22 1 95 81 5 6 0 49 22 27 0 0 1 0 0.0
42 0 1 1 0 1 138 0 0 0 0 5 1 83 36 5 1 0 15 5 10 0 0 1 0 0.03
41 0 1 9 0 2 42 0 0 1 0 13 3 85 9 1 6 0 19 1 18 0 0 1 0 0.0
349 0 4 35 13 5 431 0 0 1 1 51 9 19 16 21 28 19 378 48 330 0 0 1 1 0.219
200 0 1 7 3 1 204 1 0 1 0 38 1 91 46 1 11 5 54 2 52 1 0 1 0 0.135
341 0 7 10 13 11 2011 1 0 1 0 212 4 98 404 15 47 2 366 33 333 1 0 1 0 0.011
22 0 2 13 1 2 109 0 0 1 0 16 1 90 29 3 6 0 28 4 24 0 0 1 0 0.0
169 0 2 8 0 2 123 0 0 1 0 9 1 88 33 4 2 0 16 5 11 0 0 1 0 0.0
343 16 19 132 16 31 1262 0 0 1 1 168 32 92 34 28 29 24 411 51 360 0 0 1 0 0.089
206 0 1 1 0 3 404 1 0 1 0 51 2 89 55 2 16 6 137 3 134 1 0 1 0 0.081
345 0 2 25 0 5 154 0 0 1 0 18 7 52 15 1 5 0 64 2 62 0 0 1 0 0.0
207 0 3 16 4 5 237 0 0 1 0 33 3 70 48 1 9 2 54 1 53 0 0 1 0 0.069
346 0 2 18 1 2 186 0 0 1 0 25 3 79 44 3 9 1 44 7 37 0 0 1 0 0.043
27 0 1 10 2 1 195 0 0 0 0 33 3 80 41 0 8 0 39 0 39 0 0 0 0 0.0
167 0 1 10 0 1 195 0 0 1 0 14 1 92 58 2 2 0 23 5 18 0 0 1 0 0.0
348 2 4 34 1 4 493 0 0 1 1 62 7 63 17 75 16 34 455 195 260 0 0 1 1 0.219
1 0 2 2 2 4 199 0 0 1 0 28 3 40 43 1 9 0 52 1 51 0 0 1 0 0.0
164 0 1 7 2 1 100 1 0 0 0 22 3 76 25 1 9 0 30 1 29 1 0 0 0 0.0
5 0 2 6 2 2 100 1 0 1 0 11 4 76 25 5 7 0 28 6 22 1 0 1 0 0.0
8 0 2 10 2 4 191 0 0 1 0 29 1 9 41 2 12 0 34 2 32 0 0 1 0 0.0
212 0 1 1 0 2 315 0 0 0 0 11 1 95 86 4 2 2 27 4 23 0 0 0 0 0.129
318 2 2 26 0 2 130 0 0 1 0 21 2 77 15 2 3 0 49 19 30 0 0 1 0 0.0
216 0 1 23 0 1 140 1 0 1 0 21 3 70 22 1 8 5 43 2 41 1 0 1 0 0.189
319 0 1 2 1 1 193 1 0 1 0 18 3 86 40 1 12 6 125 2 123 1 0 1 0 0.088
213 0 3 27 2 5 721 0 0 1 0 46 3 95 157 5 11 34 161 13 148 0 0 1 0 0.297
316 2 0 2 1 2 192 1 0 1 0 30 4 72 17 1 6 10 60 2 58 1 0 1 0 0.25
214 0 1 4 0 1 128 1 0 0 0 14 1 68 16 0 2 5 50 0 50 1 0 0 0 0.167
314 22 24 200 4 38 904 1 0 1 0 87 18 0 8 2 19 11 254 8 246 1 0 1 0 0.065
179 0 1 13 0 2 23 0 0 0 0 10 3 75 5 0 5 0 17 0 17 0 0 0 0 0.0
315 1 1 10 1 1 38 0 0 1 1 11 4 71 8 179 9 5 1155 1080 75 0 0 1 1 0.009
178 0 1 11 0 3 80 1 0 1 0 15 3 66 18 1 7 0 23 1 22 1 0 1 0 0.0
18 0 2 16 0 2 264 0 0 1 0 40 1 82 62 1 8 0 53 1 52 0 0 1 0 0.0
217 0 2 12 0 3 346 0 0 1 0 19 1 92 67 2 4 10 79 3 76 0 0 1 0 0.2
313 0 2 11 5 4 637 0 0 1 0 62 4 80 71 1 6 0 76 2 74 0 0 1 0 0.0
16 0 1 11 0 1 20 1 0 1 0 3 1 40 6 2 1 0 6 2 4 1 0 1 0 0.0
13 0 1 5 0 1 243 1 0 1 0 17 3 96 69 3 6 0 23 3 20 1 0 1 0 0.0
21 0 1 3 0 1 41 0 0 0 0 10 1 50 7 1 5 0 23 3 20 0 0 0 0 0.0
20 0 3 11 4 4 489 0 0 1 0 45 4 97 138 13 14 0 85 33 52 0 0 1 0 0.041
171 0 1 10 0 1 182 0 0 1 0 18 2 87 39 3 10 0 28 3 25 0 0 1 0 0.0
175 0 2 2 0 3 395 0 0 1 0 32 1 83 97 3 13 0 56 3 53 0 0 1 0 0.0
220 0 1 2 3 1 94 1 0 0 0 7 2 85 12 0 3 6 43 0 43 1 0 0 0 0.218
221 0 2 9 0 3 468 0 0 1 0 17 2 93 44 4 4 31 120 16 104 0 0 1 0 0.341
222 0 1 23 3 2 611 0 0 1 0 55 2 92 85 4 13 13 140 6 134 0 0 1 0 0.157
225 0 2 4 2 2 1044 1 0 1 0 9 1 0 78 14 14 148 604 28 576 1 0 1 0 0.329
226 0 2 16 2 3 750 0 0 1 1 62 1 95 234 159 7 6 475 396 79 0 0 1 1 0.024
188 0 2 8 1 3 114 1 0 1 0 22 7 86 24 1 9 0 38 1 37 1 0 1 0 0.0
187 0 2 4 0 3 164 0 0 1 0 19 1 16 39 1 6 0 38 1 37 0 0 1 0 0.0
324 0 1 1 0 2 47 0 0 1 0 1 1 100 1 1 7 8 124 12 112 0 0 1 0 0.114
325 2 2 14 0 4 140 0 0 1 0 16 4 65 14 5 2 1 34 9 25 0 0 1 0 0.056
189 0 1 4 1 1 105 0 0 1 0 14 6 66 22 1 8 0 23 1 22 0 0 1 0 0.0
326 0 4 17 1 4 153 1 0 1 0 32 5 0 10 10 13 2 75 17 58 1 0 1 0 0.043
320 0 2 23 3 2 138 0 0 1 0 22 4 71 16 7 9 1 81 11 70 0 0 1 1 0.219
321 0 2 16 0 6 246 0 0 1 0 33 2 0 22 40 11 6 465 121 344 0 0 1 0 0.025
181 0 1 10 1 3 123 0 0 1 0 19 3 87 29 2 7 0 28 4 24 1 0 1 0 0.073
183 0 1 1 1 2 103 1 0 1 0 5 3 88 24 2 1 0 13 4 9 1 0 1 0 0.0
186 0 1 6 0 1 71 1 0 1 0 13 3 78 18 3 9 0 29 8 21 1 0 1 0 0.0
114 0 2 8 1 2 37 0 0 1 0 13 3 50 5 1 2 0 26 1 25 0 0 1 0 0.0
115 0 2 5 0 2 156 0 0 0 0 14 4 93 45 0 9 0 26 0 26 0 0 0 0 0.0
112 0 1 6 1 1 143 1 0 1 0 20 1 93 44 1 10 0 25 1 24 1 0 1 0 0.0
119 0 2 16 0 2 230 0 0 1 0 6 1 94 57 5 1 0 22 10 12 0 0 1 0 0.0
83 0 3 32 4 5 393 1 0 1 0 63 1 67 108 1 23 0 75 2 73 1 0 1 0 0.105
80 0 1 6 4 1 236 0 0 1 0 9 2 80 68 3 5 0 16 5 11 0 0 1 1 0.219
85 0 1 7 0 2 40 0 0 1 0 6 2 61 7 4 2 0 14 4 10 0 0 1 0 0.0
66 0 8 63 4 11 1241 0 0 1 1 122 2 98 272 38 29 0 311 182 129 0 0 1 1 0.0
302 0 1 7 0 1 75 0 0 1 0 19 3 55 14 1 8 0 54 2 52 0 0 1 0 0.0
301 2 3 13 0 6 304 1 0 1 0 30 6 69 24 1 9 8 125 2 123 1 0 1 0 0.113
304 0 3 19 0 3 348 1 0 0 0 33 1 82 37 0 8 23 142 0 142 1 0 0 0 0.245
123 0 1 2 2 1 115 1 0 1 0 18 4 75 28 2 11 0 30 2 28 1 0 1 0 0.0
307 2 3 5 1 3 92 0 0 1 0 33 7 43 14 2 11 16 177 10 167 0 0 1 0 0.153
309 0 2 6 2 3 126 0 0 1 0 22 3 75 24 40 12 3 160 77 83 0 0 1 1 0.219
74 0 1 7 0 2 47 1 0 1 0 16 3 0 13 2 10 0 27 4 23 1 0 1 0 0.0
75 0 1 4 0 2 34 1 0 1 0 5 1 50 7 1 2 0 16 1 15 1 0 1 0 0.0
133 0 1 1 2 2 260 1 0 1 0 29 2 83 55 1 7 0 37 1 36 1 0 1 0 0.0
57 0 1 7 0 1 206 0 0 1 0 21 1 94 57 8 5 0 32 9 23 0 0 1 0 0.0
139 0 1 7 1 1 21 0 0 1 0 3 3 66 5 6 3 0 22 10 12 0 0 1 0 0.0
137 0 1 6 0 1 95 1 0 0 0 16 3 77 20 0 6 0 32 0 32 1 0 0 0 0.0
65 0 1 7 1 1 217 1 0 0 0 15 1 92 71 2 3 0 20 3 17 1 0 0 0 0.0
62 0 1 2 1 1 301 1 0 1 0 34 1 92 74 13 2 0 67 27 40 1 0 1 0 0.0
63 0 1 6 1 2 199 1 0 1 0 17 1 77 31 2 5 0 31 2 29 1 0 1 0 0.0
61 0 2 2 0 2 100 1 0 0 0 5 1 88 25 2 0 0 10 3 7 1 0 0 0 0.0
130 0 1 7 0 2 58 0 0 1 0 8 2 68 12 4 3 0 18 4 14 0 0 1 0 0.0
143 0 1 6 0 1 141 0 0 1 0 23 1 72 32 2 10 0 25 3 22 0 0 1 0 0.0
146 0 1 1 0 2 56 0 0 1 0 7 1 31 10 1 3 0 23 1 22 0 0 1 0 0.0
149 0 1 15 1 1 87 1 0 1 0 16 4 83 23 1 6 0 27 6 21 1 0 1 0 0.0
51 0 1 11 0 1 137 1 0 1 0 13 1 92 39 4 4 0 23 4 19 1 0 1 0 0.0
52 0 1 12 1 1 68 1 0 0 0 8 1 75 20 0 3 0 16 0 16 1 0 0 0 0.0
140 0 1 5 0 1 61 1 0 1 0 21 4 33 11 1 3 0 28 1 27 1 0 1 0 0.0
281 6 9 45 0 9 438 1 0 1 0 39 3 93 68 5 6 1 48 9 39 1 0 1 0 0.04
285 0 1 7 0 1 22 0 0 1 0 9 4 0 4 2 6 0 16 2 14 0 0 1 0 0.0
284 0 1 10 0 1 42 0 0 1 0 3 4 77 10 4 2 0 35 7 28 0 0 1 0 0.0
283 3 3 27 0 3 148 0 0 1 0 38 3 0 13 1 8 0 51 2 49 0 0 1 0 0.093
288 0 1 7 1 1 26 0 0 1 0 7 2 0 5 2 2 0 26 3 23 0 0 1 1 0.219
289 0 1 1 0 1 242 1 0 1 0 15 1 92 68 4 8 1 29 8 21 1 0 1 0 0.065
287 0 2 10 0 2 123 1 0 1 0 14 3 85 28 1 8 0 34 1 33 1 0 1 0 0.0
272 0 1 23 2 1 113 1 0 1 0 11 2 78 14 1 5 5 20 1 19 1 0 1 0 0.303
276 0 1 6 0 1 275 1 0 1 0 35 1 91 64 20 4 4 83 31 52 1 0 1 0 0.088
277 0 2 19 6 3 526 0 0 1 0 50 1 87 130 4 9 2 69 7 62 0 0 1 0 0.053
109 0 1 7 3 2 83 0 0 1 0 12 6 72 21 2 5 0 24 3 21 0 0 1 1 0.101
107 0 2 5 0 3 95 1 0 0 0 13 4 83 29 1 8 0 23 1 22 1 0 0 0 0.0
106 0 1 3 1 2 233 1 0 1 0 12 1 91 70 1 4 0 17 1 16 1 0 1 0 0.0
104 0 1 5 2 1 88 0 0 1 0 16 5 89 23 7 12 0 33 8 25 0 0 1 0 0.0
103 0 2 5 0 3 173 1 0 1 0 12 3 81 56 3 7 0 28 3 25 1 0 1 0 0.0
98 0 1 9 0 1 70 1 0 1 0 13 1 0 12 7 3 0 27 10 17 1 0 1 0 0.0
97 0 4 9 7 6 689 1 0 1 0 43 3 97 178 14 20 0 90 18 72 1 0 1 0 0.0
96 0 2 5 3 2 39 0 0 1 0 12 3 60 10 2 8 0 17 2 15 0 0 1 0 0.0
93 0 1 15 2 2 425 1 1 1 0 30 3 96 114 5 7 0 55 19 36 1 1 1 0 0.0
92 0 3 10 1 5 230 0 0 1 0 23 4 88 50 1 7 0 47 1 46 0 0 1 0 0.0
294 2 2 10 0 2 164 0 0 1 0 24 2 66 19 1 5 0 110 8 102 0 0 1 0 0.0
292 4 5 65 3 5 383 1 0 1 0 42 8 93 49 10 6 0 97 28 69 1 0 1 0 0.033
88 0 1 5 0 1 108 0 0 1 0 24 1 75 23 1 1 0 43 1 42 0 0 1 0 0.0
383 0 1 15 0 1 73 0 0 1 0 12 3 80 18 1 9 2 51 1 50 0 0 0 0 0.073
195 0 2 5 0 2 94 0 0 1 0 9 1 38 25 1 6 0 13 1 12 0 0 1 0 0.0
194 0 1 15 0 2 36 0 0 1 0 7 1 25 7 4 2 0 15 4 11 0 0 1 0 0.103
381 4 4 18 0 7 311 0 0 1 0 32 9 80 6 8 12 11 144 14 130 0 0 1 1 0.111
197 0 1 23 7 1 337 0 0 1 0 31 1 90 56 4 11 8 92 5 87 0 0 1 0 0.147
382 0 3 20 1 3 181 0 0 1 0 34 1 72 43 3 11 0 122 3 119 1 0 1 0 0.0
196 0 2 2 1 2 316 0 0 1 0 40 2 81 83 6 5 0 55 8 47 0 0 1 0 0.0
385 2 5 31 0 5 304 0 0 1 1 41 10 100 1 124 24 7 683 421 262 0 0 1 1 0.101
245 0 2 25 0 2 517 1 0 1 0 48 1 95 99 3 11 17 134 3 131 1 0 1 0 0.199
249 0 1 15 0 1 94 0 0 0 0 14 1 70 18 0 4 5 38 0 38 0 0 0 0 0.208
371 2 9 60 4 10 1070 0 0 1 1 140 13 94 62 99 48 68 1314 359 955 0 0 1 1 0.096
372 123 154 1134 51 193 7567 0 0 1 1 1291 275 0 38 320 139 2030 10848 3560 7288 0 0 1 1 0.219
373 0 3 13 1 4 104 0 0 1 1 33 11 85 12 74 29 19 548 176 372 0 0 1 1 0.219
379 0 1 3 0 1 25 1 0 1 0 8 1 100 5 2 10 1 59 4 55 1 0 1 0 0.033
376 9 18 142 5 18 604 0 0 1 1 137 39 33 3 50 34 14 695 124 571 0 0 1 1 0.219
234 0 1 2 1 1 285 0 0 1 0 21 1 92 77 14 1 2 49 20 29 0 0 1 0 0.074
238 0 2 6 2 4 273 0 0 1 0 24 4 80 58 1 10 4 73 1 72 0 0 1 0 0.098
262 0 3 9 2 4 278 1 0 1 0 14 1 100 21 1 4 28 76 1 75 1 0 1 0 0.424
263 0 2 18 3 3 554 1 0 1 0 51 2 93 92 1 14 19 123 1 122 1 0 1 0 0.232
261 0 2 3 5 3 750 0 0 1 0 19 1 98 184 8 7 16 102 10 92 0 0 1 0 0.243
361 3 10 56 3 13 842 1 0 1 0 122 21 0 24 15 23 16 278 20 258 0 0 1 1 0.086
362 0 2 16 0 3 160 0 0 1 0 24 2 85 37 7 9 0 71 12 59 1 0 1 0 0.073
366 0 2 23 0 2 72 1 0 1 0 13 3 40 6 11 9 8 112 22 90 0 0 1 1 0.219
365 43 50 294 23 89 3107 0 0 1 1 535 63 86 26 159 72 124 2519 671 1848 0 0 1 1 0.111
363 0 1 1 0 2 170 0 0 1 0 23 3 85 37 1 9 9 55 2 53 0 0 1 0 0.247
369 0 1 2 0 1 32 0 0 1 0 2 1 33 5 17 4 4 114 27 87 0 0 1 0 0.066
368 0 8 59 0 10 624 0 0 1 1 90 10 0 5 86 29 25 880 231 649 0 0 1 1 0.219
269 0 4 13 1 4 171 0 0 1 0 31 1 95 45 1 5 5 39 2 37 0 0 1 0 0.204
267 0 3 15 0 3 226 1 0 1 0 0 1 0 0 2 1 73 146 24 122 1 0 1 0 0.5
266 0 1 1 1 1 295 1 0 1 0 34 2 91 75 2 5 2 55 3 52 1 0 1 0 0.068
264 0 1 13 0 1 178 1 0 0 0 11 1 93 45 0 7 2 28 0 28 1 0 0 0 0.125
351 0 1 1 1 1 187 0 0 1 0 32 2 91 50 2 9 0 60 2 58 0 0 1 0 0.0
357 3 4 40 0 5 182 0 0 1 0 31 6 33 10 19 14 25 358 51 307 0 0 1 1 0.124
356 0 2 2 2 3 95 0 0 1 0 13 5 60 26 7 13 0 59 9 50 0 0 1 0 0.059
256 0 2 12 0 2 59 0 0 1 0 14 1 25 5 2 4 5 34 2 32 0 0 1 0 0.227
333 2 2 12 0 2 63 1 0 1 0 17 2 66 7 10 13 2 88 20 68 1 0 1 0 0.043
36 0 3 58 2 3 119 0 0 1 0 45 1 0 28 1 16 0 48 1 47 0 0 1 0 0.0
159 0 1 3 0 1 50 1 0 0 0 1 1 85 14 3 0 0 8 4 4 1 0 0 0 0.0
330 6 6 120 1 6 340 0 0 1 0 57 18 0 1 1 5 8 124 12 112 0 0 1 0 0.113
34 0 2 10 1 2 156 1 0 1 0 22 3 88 42 3 10 0 39 3 36 1 0 1 0 0.0
336 0 2 7 3 2 173 0 0 1 0 21 1 86 43 20 5 0 66 34 32 0 0 1 0 0.0
337 0 3 56 0 4 360 0 0 1 0 45 5 65 30 6 12 9 131 8 123 0 0 1 0 0.179
155 0 1 2 0 1 393 0 0 0 0 31 1 93 87 0 5 0 48 0 48 0 0 0 0 0.0
154 0 1 2 0 1 87 1 0 1 0 16 4 83 23 1 6 0 27 6 21 1 0 1 0 0.0
335 0 1 1 0 1 91 0 0 1 0 23 4 61 14 6 13 43 239 12 227 0 0 1 0 0.26
150 0 1 4 0 2 110 1 1 1 0 23 2 91 33 1 17 0 44 2 42 1 1 1 0 0.0
42 0 2 8 0 3 45 0 0 1 0 4 1 44 10 3 1 0 10 3 7 0 0 1 0 0.0
40 0 1 1 1 1 128 1 0 1 0 14 3 80 24 3 6 0 37 4 33 1 0 1 0 0.0
202 0 2 10 0 2 342 0 0 1 0 32 1 90 57 4 10 8 93 5 88 0 0 1 0 0.131
203 0 1 9 0 1 83 0 0 1 0 9 2 71 12 1 4 4 50 1 49 0 0 1 0 0.138
342 10 15 242 14 20 1614 1 0 1 0 149 21 73 27 18 26 31 373 50 323 1 0 1 0 0.149
24 0 1 3 0 1 118 0 0 1 0 18 1 91 31 3 8 0 34 4 30 0 0 1 0 0.0
344 4 5 11 0 6 224 1 0 1 0 22 8 88 45 2 7 0 46 3 43 1 0 1 0 0.0
166 0 1 21 0 1 94 0 0 1 0 18 3 82 20 1 3 0 29 1 28 0 0 1 0 0.0
206 0 4 12 0 8 270 1 0 1 0 47 1 93 63 1 10 5 64 2 62 1 0 1 0 0.135
345 7 10 119 16 14 2158 1 0 1 0 229 6 93 33 17 42 2 366 33 333 1 0 1 0 0.011
207 0 2 42 0 2 84 0 0 1 0 19 3 77 20 1 9 2 30 1 29 0 0 1 0 0.118
346 2 2 6 0 2 110 1 0 1 0 13 4 81 15 2 4 1 28 4 24 1 0 1 0 0.061
168 0 1 1 0 2 107 1 0 0 0 22 3 76 26 1 9 0 31 1 30 1 0 0 0 0.0
208 0 1 4 0 1 79 0 0 1 0 15 2 66 15 1 2 5 25 1 24 0 0 1 0 0.286
347 7 19 62 6 28 1058 0 0 1 0 107 19 94 47 28 20 17 348 46 302 0 0 1 1 0.111
167 0 1 21 0 3 318 1 1 1 0 16 1 65 79 2 7 0 20 2 18 1 1 1 0 0.0
348 0 3 47 1 4 91 0 0 1 0 15 2 75 24 6 9 0 35 6 29 0 0 1 0 0.0
3 0 1 11 0 1 46 0 0 1 0 10 2 66 10 1 5 0 25 1 24 0 0 1 0 0.0
163 0 1 1 0 1 13 0 0 1 0 4 2 50 3 1 1 0 7 1 6 0 0 1 0 0.0
1 0 1 1 1 2 199 0 0 1 0 28 3 40 43 1 9 0 52 1 51 0 0 1 0 0.0
164 0 1 26 1 1 52 1 0 1 0 6 2 53 15 3 5 0 17 4 13 1 0 1 0 0.0
5 0 3 4 1 4 352 0 0 1 0 19 1 96 99 6 5 0 48 10 38 0 0 1 0 0.0
340 0 3 10 0 3 262 0 0 1 0 33 10 75 33 2 13 0 61 2 59 0 0 1 0 0.0
9 0 3 21 1 5 191 0 0 1 0 29 1 9 41 2 12 0 34 2 32 0 0 1 0 0.08
318 0 2 8 1 5 253 0 0 1 0 30 4 55 9 3 11 12 84 8 76 0 0 1 0 0.22
319 0 1 1 0 2 335 0 0 1 0 32 2 80 76 1 6 0 76 2 74 0 0 1 0 0.0
213 0 1 3 0 2 41 0 0 1 0 7 3 0 3 1 4 2 33 1 32 0 0 1 1 0.202
316 0 2 26 0 2 52 0 0 1 0 13 2 70 9 1 10 1 41 2 39 0 0 1 0 0.045
214 0 3 19 1 5 250 0 0 1 0 33 3 69 50 1 9 2 54 1 53 0 0 1 0 0.069
314 12 15 286 0 15 201 0 0 1 0 107 49 43 14 2 8 16 177 10 167 0 0 1 1 0.111
312 0 1 2 1 1 62 1 0 1 0 7 1 84 18 3 7 9 44 4 40 1 0 1 0 0.281
218 0 3 16 1 6 273 1 0 1 0 25 4 90 55 1 7 12 70 1 69 1 0 1 0 0.255
13 0 1 1 1 1 154 0 0 0 0 25 1 77 35 1 3 0 30 1 29 0 0 0 0 0.0
11 0 1 3 2 1 41 1 1 1 0 6 4 75 9 1 4 0 15 1 14 1 1 1 0 0.0
220 0 1 11 0 2 722 0 0 1 0 46 3 95 157 7 9 34 161 13 148 0 0 1 0 0.296
327 0 3 10 1 4 135 0 0 1 0 24 2 0 22 42 11 6 472 123 349 0 0 1 1 0.202
225 0 3 28 3 6 465 1 0 1 0 65 1 69 116 1 23 5 85 2 83 1 0 1 0 0.098
227 0 1 9 0 2 245 1 0 1 0 18 2 90 32 1 7 2 48 1 47 1 0 1 0 0.074
228 0 1 4 0 1 150 1 0 1 0 8 3 56 9 1 5 2 30 1 29 1 0 1 0 0.114
188 0 1 2 0 1 103 1 0 1 0 5 3 88 24 2 2 0 13 4 9 1 0 1 0 0.0
229 0 1 8 0 3 94 1 0 0 0 7 2 85 12 0 2 6 43 0 43 1 0 0 0 0.218
324 2 3 12 0 4 148 1 0 1 0 47 2 70 18 2 11 1 56 2 54 1 0 1 0 0.0
326 0 4 14 2 8 874 1 0 1 0 55 8 86 40 2 12 6 125 2 123 1 0 1 0 0.139
320 0 5 16 2 5 690 1 0 1 0 54 6 0 8 2 19 9 260 9 251 1 0 1 0 0.063
322 0 2 42 0 3 101 1 0 1 0 16 2 72 17 1 6 10 60 2 58 0 0 1 1 0.202
181 0 1 14 2 1 395 0 0 1 0 32 1 83 97 3 12 0 56 3 53 0 0 1 0 0.0
182 0 1 6 1 2 219 1 0 1 0 17 1 92 53 17 5 0 68 47 21 1 0 1 0 0.0
116 0 1 3 0 1 102 0 0 1 0 7 1 82 32 6 2 0 21 11 10 0 0 1 0 0.0
117 0 1 15 1 1 143 1 0 1 0 20 1 93 44 1 9 0 25 1 24 1 0 1 0 0.0
114 0 3 47 1 3 447 0 0 1 0 43 3 95 117 29 10 0 116 64 52 0 0 1 0 0.0
110 0 2 4 0 2 95 0 0 1 0 16 5 90 25 6 11 0 32 7 25 0 0 1 1 0.113
119 0 1 3 0 1 37 0 0 1 0 14 3 50 5 1 2 0 26 1 25 0 0 1 0 0.0
80 0 1 26 1 1 47 1 0 1 0 16 3 0 13 2 11 0 27 4 23 1 0 1 0 0.0
86 0 1 21 1 1 226 1 0 1 0 27 1 82 39 1 9 0 27 1 26 1 0 1 0 0.0
125 0 1 2 0 1 230 0 0 1 0 6 1 94 57 5 1 0 22 10 12 0 0 1 0 0.0
68 0 1 2 0 2 201 1 0 1 0 17 1 77 31 2 5 0 31 2 29 0 0 1 1 0.069
301 0 1 8 0 1 140 0 0 1 0 5 1 94 37 1 6 0 36 1 35 0 0 1 0 0.0
308 0 2 31 0 6 125 0 0 1 0 18 5 0 7 14 7 1 62 21 41 0 0 1 1 0.113
307 0 1 2 0 1 183 1 0 1 0 16 3 69 24 1 8 8 125 2 123 0 0 1 1 0.069
129 0 2 10 0 3 125 1 0 1 0 21 4 75 34 2 12 0 32 2 30 1 0 1 0 0.0
70 0 1 1 0 1 220 1 0 0 0 16 1 92 71 2 4 0 21 3 18 1 0 0 0 0.0
71 0 4 33 6 5 1241 0 0 1 1 122 2 98 272 38 26 0 313 184 129 0 0 1 1 0.0
59 0 1 20 0 1 48 1 0 1 0 17 3 0 11 1 6 0 22 4 18 1 0 1 0 0.0
56 0 1 5 0 1 86 1 0 0 0 8 1 78 25 0 3 0 16 0 16 1 0 0 0 0.0
63 0 3 9 0 3 249 0 0 1 0 11 1 94 69 3 2 0 25 6 19 0 0 1 0 0.0
49 0 1 4 2 2 317 0 0 1 0 26 3 97 87 4 11 0 48 5 43 0 0 1 0 0.0
143 0 1 4 0 1 21 0 0 1 0 3 3 66 5 5 3 0 22 10 12 0 0 1 0 0.0
45 0 2 8 1 2 8 0 0 1 0 5 2 0 1 1 3 0 7 1 6 0 0 1 0 0.194
47 0 1 14 0 2 97 1 1 0 0 19 1 70 24 0 5 0 29 0 29 1 1 0 0 0.0
51 0 1 2 0 1 61 1 0 1 0 11 1 70 17 9 1 0 25 12 13 1 0 1 0 0.0
54 0 1 9 0 1 87 1 0 1 0 10 1 75 25 1 7 0 13 2 11 1 0 1 0 0.0
140 0 6 8 0 6 513 0 0 1 0 35 1 44 115 2 11 0 46 2 44 0 0 1 0 0.0
141 0 1 4 0 1 92 1 0 1 0 7 3 64 23 1 6 0 20 1 19 1 0 1 0 0.0
284 0 2 40 0 2 208 0 0 1 0 23 4 75 33 3 11 4 71 4 67 0 0 1 0 0.101
283 0 2 5 0 2 171 0 0 1 0 31 1 95 45 1 6 5 39 2 37 0 0 1 0 0.189
282 0 1 8 0 1 108 1 0 1 0 7 1 58 15 1 1 16 50 1 49 1 0 1 0 0.39
288 0 1 7 0 1 179 0 0 0 0 10 1 86 33 0 6 4 55 0 55 0 0 0 0 0.127
286 0 1 1 1 2 158 1 0 1 0 12 2 79 20 1 6 5 23 1 22 1 0 1 0 0.303
287 0 1 9 0 1 356 0 0 0 0 18 2 88 54 0 8 16 123 0 123 0 0 0 0 0.205
274 0 7 9 0 10 534 0 0 1 0 36 1 51 106 1 10 8 63 1 62 0 0 1 0 0.203
275 0 1 4 2 2 818 0 0 1 0 22 1 98 205 9 7 18 112 11 101 0 0 1 0 0.24
277 0 3 19 1 6 583 1 0 1 0 53 2 93 98 1 12 19 126 1 125 1 0 1 0 0.232
108 0 1 20 0 2 51 0 0 0 0 4 2 55 12 0 2 0 9 0 9 0 0 0 0 0.0
102 0 2 12 2 7 734 1 0 1 0 45 3 97 191 13 17 0 96 19 77 1 0 1 0 0.037
98 0 1 5 1 2 123 0 0 1 0 22 2 73 26 2 9 0 35 2 33 0 0 1 0 0.0
97 0 2 3 1 2 425 1 1 1 0 30 3 96 114 5 9 0 55 19 36 1 1 1 0 0.0
96 0 1 2 4 1 237 0 0 1 0 23 4 88 52 1 7 0 47 1 46 0 0 1 0 0.0
390 19 21 262 5 30 1259 1 0 1 0 193 32 82 56 36 38 34 862 83 779 0 0 1 1 0.142
294 0 1 2 0 1 50 0 0 1 0 10 2 33 11 2 6 1 33 3 30 0 0 1 0 0.054
293 6 4 18 4 6 438 1 0 1 0 39 3 93 68 5 8 1 48 9 39 1 0 1 0 0.039
295 0 1 9 0 1 15 0 0 1 0 1 1 0 4 2 6 0 16 2 14 0 0 1 0 0.0
290 0 1 4 4 3 275 1 0 1 0 35 1 91 64 18 4 4 83 31 52 1 0 1 0 0.136
292 0 1 2 0 1 42 1 0 1 0 8 1 33 8 2 4 0 30 3 27 1 0 1 0 0.0
291 0 1 4 0 4 567 0 0 1 0 51 1 88 140 4 9 2 71 8 63 0 0 1 0 0.052
297 0 1 1 1 1 65 0 0 0 0 7 1 80 15 4 0 1 25 7 18 0 0 1 0 0.0
195 0 1 1 0 1 106 0 0 1 0 14 6 66 22 1 9 0 23 1 22 0 0 1 0 0.0
194 0 1 9 0 1 90 0 0 1 0 21 2 83 22 2 12 0 30 2 28 0 0 1 0 0.0
197 0 2 8 0 2 133 1 0 1 0 15 3 81 32 2 8 0 34 5 29 1 0 1 0 0.0
380 0 5 15 2 6 594 1 0 1 0 62 3 100 9 13 7 2 108 16 92 1 0 1 0 0.036
190 0 1 3 1 1 96 0 0 1 0 16 4 78 20 2 7 0 36 3 33 0 0 1 0 0.0
193 0 2 4 2 2 121 1 0 1 0 25 7 86 24 1 10 0 42 1 41 1 0 1 0 0.0
192 0 1 6 0 2 164 0 0 1 0 19 1 16 39 1 6 0 38 1 37 0 0 1 1 0.069
389 107 126 1104 33 172 6456 0 0 1 1 1091 238 0 4 331 130 1414 10073 3768 6305 0 0 1 1 0.202
388 0 4 9 2 6 190 0 0 1 0 37 10 82 21 12 15 6 191 19 172 1 0 0 0 0.111
386 3 4 22 3 4 349 1 0 1 0 122 10 59 12 29 30 10 594 122 472 0 0 1 1 0.202
244 0 1 3 1 1 289 0 0 1 0 21 1 91 78 14 1 2 50 21 29 0 0 1 0 0.071
243 0 2 27 0 3 236 1 1 1 0 9 2 69 79 12 3 2 42 25 17 1 1 0 0 0.174
247 0 3 12 1 4 516 0 0 1 0 48 4 97 141 14 11 2 94 33 61 0 0 1 1 0.142
372 0 2 9 0 2 51 0 0 1 0 4 2 0 18 15 4 4 114 27 87 0 0 1 0 0.06
239 0 2 9 0 4 92 0 0 1 0 12 1 57 13 4 3 2 35 4 31 0 0 1 1 0.202
378 0 7 25 2 10 318 0 0 1 0 38 9 72 13 22 16 5 320 35 285 0 0 1 0 0.062
375 0 1 1 0 1 38 0 0 1 0 2 4 75 8 6 8 0 119 14 105 0 0 1 0 0.0
377 0 2 8 2 2 194 0 0 1 0 20 1 85 43 5 10 4 89 5 84 0 0 1 0 0.119
231 0 4 64 3 6 614 0 0 1 0 55 2 92 86 6 12 13 140 6 134 0 0 1 0 0.123
234 0 5 22 2 6 1044 1 0 1 0 9 1 0 78 13 13 148 604 28 576 1 0 1 0 0.327
235 0 3 12 3 3 762 0 0 1 1 63 1 95 239 161 5 6 488 408 80 0 0 1 1 0.113
238 0 1 8 0 1 169 0 0 1 0 21 2 76 31 2 5 4 45 6 39 0 0 1 0 0.148
237 0 1 1 2 1 75 0 0 1 0 15 3 0 12 1 6 2 35 1 34 0 0 1 0 0.098
263 0 1 26 0 1 177 0 0 1 0 20 3 91 40 2 6 5 37 4 33 0 0 1 0 0.208
362 2 4 22 2 5 258 0 0 1 0 52 10 60 16 2 12 4 119 2 117 0 0 1 0 0.103
360 6 9 110 5 10 854 0 0 1 1 128 17 0 21 23 25 19 406 37 369 0 0 1 1 0.113
365 0 2 40 0 2 97 0 0 1 0 21 2 27 23 3 10 2 80 4 76 0 0 1 0 0.048
364 0 5 18 2 6 482 0 0 1 1 61 7 60 13 22 26 39 551 63 488 0 0 1 0 0.121
368 0 1 26 0 2 170 0 0 1 0 23 3 85 37 1 9 9 55 2 53 0 0 1 0 0.222
367 2 2 6 0 2 24 0 0 1 0 2 3 0 5 21 9 16 312 70 242 0 0 1 1 0.202
267 0 2 8 2 2 278 0 0 1 0 22 4 81 64 1 9 2 50 1 49 0 0 1 0 0.074
264 0 2 16 1 2 283 1 0 1 0 7 1 0 20 6 6 36 168 17 151 1 0 1 0 0.295
250 0 1 9 0 4 113 0 0 1 0 15 2 79 17 1 9 2 34 1 33 0 0 1 0 0.093
252 0 3 9 3 5 121 1 0 1 0 23 3 60 19 1 11 2 42 1 41 1 0 1 0 0.083
351 2 2 18 1 2 236 0 0 1 0 29 5 79 44 3 9 1 44 7 37 0 0 1 0 0.043
353 0 1 9 0 1 17 0 0 1 0 9 3 66 3 2 9 4 75 2 73 0 0 1 0 0.096
355 0 3 21 1 3 201 1 0 1 0 34 2 83 25 3 5 0 56 4 52 1 0 1 0 0.0
354 0 2 23 0 2 187 0 0 1 0 32 2 91 50 2 8 0 60 2 58 0 0 1 0 0.0
357 0 1 4 1 1 58 0 0 0 0 12 1 76 12 0 5 0 24 0 24 0 0 0 0 0.0
257 0 2 12 0 2 232 0 0 0 0 11 2 93 32 0 6 22 129 0 129 0 0 0 0 0.254
259 0 2 40 0 2 100 0 0 1 0 9 3 44 4 1 10 5 46 1 45 0 0 1 1 0.142
253 0 3 9 1 6 398 1 0 1 0 47 1 95 98 2 9 8 88 3 85 1 0 1 0 0.155
256 0 2 14 2 4 551 1 0 1 0 50 1 95 109 2 10 17 137 3 134 1 0 1 0 0.192

