35 0 9 59 2 10 399 0 0 1 0 30 1 81 67 2 7 4 46 3 43 0 0 1 0 0.131
33 0 3 33 4 6 317 0 1 1 0 72 1 81 67 3 9 2 96 8 88 0 0 1 1 0.377
37 0 1 6 0 1 116 0 1 1 0 14 1 77 33 2 2 2 20 2 18 0 2 1 0 0.167
43 0 1 15 1 1 151 1 1 1 0 12 1 52 50 1 3 4 25 2 23 1 1 1 0 0.242
67 0 1 1 1 1 18 0 0 0 0 1 2 50 5 2 1 12 238 41 197 0 0 0 0 0.092
68 4 4 24 0 7 636 0 0 1 0 59 3 74 33 1 8 10 114 3 111 0 0 1 1 0.377
29 0 3 9 0 3 321 0 1 1 0 27 1 92 75 6 2 4 67 30 37 0 2 1 0 0.103
1 0 1 2 0 1 45 0 0 0 0 9 2 42 12 0 2 0 13 0 13 0 0 0 0 0.0
30 0 1 2 1 1 459 0 1 0 0 39 1 83 82 0 9 5 72 0 72 0 0 1 1 0.377
7 0 3 33 0 3 90 0 0 1 0 13 1 70 21 2 4 0 23 3 20 0 0 1 0 0.0
32 0 1 2 0 1 52 0 0 1 0 6 1 72 12 2 2 2 16 6 10 0 0 1 0 0.2
5 0 1 1 0 2 129 0 0 0 0 8 1 95 23 8 0 0 21 11 10 0 0 0 0 0.0
31 0 1 2 2 3 377 0 0 1 0 23 1 90 46 1 4 10 51 3 48 0 0 1 0 0.274
70 5 4 24 0 8 146 0 0 1 0 23 6 0 1 4 3 16 178 20 158 0 0 1 0 0.176
71 20 25 159 9 40 1667 0 0 1 1 230 29 70 27 44 34 449 2737 658 2079 0 0 1 1 0.377
72 92 77 431 131 155 11212 0 1 1 1 715 24 50 25 36 42 493 2594 372 2222 0 0 1 1 0.377
73 0 2 5 1 3 371 0 0 0 0 9 1 0 11 0 12 3 114 0 114 0 0 0 0 0.058
75 0 3 20 4 3 121 0 0 1 0 22 1 84 28 3 6 4 69 4 65 0 0 1 1 0.377
76 10 12 110 4 14 412 0 0 1 0 34 3 66 47 9 8 8 145 34 111 0 0 1 1 0.053
57 0 6 42 1 6 157 0 0 1 0 18 1 75 33 2 4 2 32 10 22 0 0 1 0 0.111
13 0 1 4 0 1 72 1 0 1 0 8 1 45 20 6 1 0 16 8 8 1 0 1 0 0.0
14 0 1 2 0 1 40 0 0 1 0 4 1 33 9 1 2 0 6 1 5 0 0 1 0 0.0
64 0 1 2 0 2 44 0 0 1 0 4 1 28 11 13 3 0 77 56 21 0 0 1 0 0.046
63 2 0 2 0 2 55 0 0 0 0 17 2 33 4 0 1 0 51 0 51 0 0 1 1 0.377
61 0 5 26 4 6 638 0 1 1 0 43 1 89 69 4 8 29 237 30 207 0 2 1 0 0.193
49 0 4 19 1 9 114 0 0 1 0 14 1 65 18 1 2 5 32 1 31 0 0 1 1 0.377
46 0 4 26 4 9 1134 0 0 1 0 24 1 96 35 4 7 20 158 21 137 0 0 1 0 0.195
10 0 1 1 0 1 193 1 0 0 0 10 1 83 33 2 2 0 32 3 29 1 0 1 0 0.0
51 0 6 37 3 7 988 1 0 1 0 25 1 96 145 18 3 29 171 127 44 1 0 1 0 0.252
53 0 1 2 3 2 234 0 0 1 0 30 2 76 39 1 2 2 45 1 44 0 0 1 1 0.377
54 0 1 15 1 1 168 0 1 1 0 7 2 60 8 1 5 2 29 2 27 0 2 1 0 0.121
