35 2 2 44 3 4 544 0 1 1 0 64 3 85 63 2 9 16 98 3 95 0 0 1 0 0.144
36 4 20 136 37 28 1413 0 0 1 1 127 4 92 188 5 14 33 227 14 213 0 1 1 1 0.401
18 0 12 74 8 21 537 0 1 1 0 29 1 81 65 5 7 27 189 21 168 0 1 1 0 0.223
33 4 4 88 0 6 74 0 0 1 0 23 12 46 6 10 6 2 121 43 78 0 1 1 1 0.401
34 12 3 47 8 17 980 0 0 0 0 106 11 97 18 0 9 33 180 0 180 0 0 0 0 0.262
16 0 1 19 0 3 101 0 1 1 0 10 1 80 12 2 3 5 33 4 29 0 1 1 0 0.244
13 0 4 24 1 4 236 0 1 1 0 32 3 75 46 1 10 2 60 2 58 0 1 1 1 0.401
37 10 21 249 12 37 1649 0 1 1 1 172 16 86 48 23 11 48 502 196 306 0 1 1 1 0.401
38 5 6 105 1 10 687 0 1 1 0 81 6 92 35 7 12 46 218 11 207 0 1 1 0 0.345
12 0 5 34 7 6 274 0 1 1 0 14 1 88 69 10 2 2 71 52 19 0 1 1 1 0.401
21 0 2 11 1 2 8753 0 1 0 0 0 1 0 0 1 1 605 1054 5 1049 0 1 0 0 0.534
22 0 2 11 8 3 435 0 1 1 0 38 1 77 83 3 8 4 70 5 65 0 1 1 0 0.095
23 0 2 2 1 4 142 0 1 1 0 22 1 56 31 10 2 2 73 42 31 0 1 1 1 0.401
28 0 2 8 0 3 85 0 0 1 0 8 1 53 19 12 3 0 56 41 15 0 1 1 1 0.401
29 1 1 22 0 2 26 0 0 0 0 6 1 66 6 1 0 4 14 3 11 0 0 0 0 0.364
3 0 1 2 0 1 17 0 0 0 0 0 1 37 4 1 0 0 8 7 1 0 0 0 0 0.0
1 0 3 21 2 7 116 0 1 1 0 14 1 69 32 12 1 0 48 34 14 0 1 1 1 0.0
7 0 2 29 0 3 74 1 1 0 0 13 1 50 14 0 7 0 24 0 24 1 1 0 0 0.0
32 10 7 76 0 11 1463 0 1 0 0 42 18 50 24 3 0 22 270 131 139 0 1 0 0 0.137
5 0 5 31 8 6 447 0 0 1 0 46 1 90 93 4 11 0 71 14 57 0 0 1 0 0.048
31 68 76 589 49 114 4442 0 1 1 1 419 90 54 13 27 24 455 1814 447 1367 0 1 1 1 0.401
4 0 8 29 3 10 294 0 0 1 0 23 1 80 73 4 5 0 48 12 36 0 0 1 1 0.095
