35 0 1 27 1 1 371 0 0 0 0 9 1 0 11 0 7 2 64 0 64 0 0 0 0 0.05
36 0 3 24 2 4 368 0 0 1 0 29 1 81 66 2 5 6 48 3 45 0 0 1 0 0.148
37 0 1 11 0 2 116 0 1 1 0 10 1 56 32 2 1 2 21 3 18 0 0 1 0 0.099
43 0 2 10 0 3 141 0 0 1 0 11 1 78 29 4 1 2 34 19 15 0 0 1 0 0.105
41 0 1 1 0 1 111 0 0 1 0 17 1 66 12 1 1 6 33 1 32 0 0 1 0 0.267
40 0 1 18 0 2 231 0 0 1 0 15 1 61 11 1 3 13 58 1 57 0 0 1 0 0.31
67 24 24 648 0 24 639 0 0 0 0 72 48 44 7 3 1 12 238 41 197 0 0 0 0 0.092
66 0 2 11 6 3 471 0 1 1 0 34 1 86 128 4 10 8 165 13 152 0 1 1 0 0.081
68 11 15 129 7 23 559 0 0 1 0 57 5 53 21 6 7 7 120 24 96 0 0 1 0 0.099
25 0 1 9 2 2 92 1 0 0 0 9 1 30 23 11 0 0 55 43 12 1 0 0 0 0.0
27 0 2 35 0 2 182 0 0 1 0 24 1 79 32 2 1 0 38 2 36 0 0 1 0 0.0
2 0 5 46 3 7 524 0 0 1 0 26 1 81 125 4 3 0 57 12 45 0 0 1 0 0.06
1 0 1 10 0 2 58 0 0 1 0 6 1 26 13 1 2 0 15 1 14 0 0 1 0 0.0
0 0 1 27 0 1 297 0 0 0 0 40 1 0 62 1 8 0 52 1 51 0 0 0 0 0.05
5 0 1 4 0 1 21 0 0 1 0 2 1 60 6 1 1 0 4 1 3 0 0 1 0 0.0
31 0 1 5 1 2 459 0 1 0 0 39 1 83 82 0 8 5 72 0 72 0 1 0 0 0.122
70 159 146 1491 66 251 11123 0 0 1 1 1051 125 82 66 50 44 1293 3756 529 3227 0 0 1 1 0.247
71 40 46 380 19 82 4523 0 0 1 1 289 7 94 160 9 16 91 592 76 516 0 1 1 1 0.275
8 0 3 30 1 4 66 0 0 1 0 11 1 62 16 2 5 0 22 2 20 0 0 1 0 0.0
73 2 3 33 1 5 388 0 1 1 0 44 2 93 76 8 5 5 84 29 55 0 1 1 0 0.107
59 0 5 13 4 8 636 0 1 1 0 43 1 89 69 4 7 29 237 30 207 0 1 1 0 0.197
56 0 1 18 0 1 189 0 1 1 0 33 2 81 29 1 9 5 68 1 67 0 1 1 1 0.275
55 0 1 18 0 1 205 0 0 0 0 16 2 83 25 2 0 23 46 2 44 0 0 0 0 0.5
18 0 2 11 0 3 120 0 0 1 0 14 2 70 30 5 1 0 26 9 17 0 0 1 0 0.0
20 0 3 45 0 4 66 0 0 1 0 9 1 77 15 3 4 0 21 5 16 0 0 1 0 0.0
64 0 1 16 0 2 101 0 1 1 0 13 1 83 30 3 3 1 59 6 53 0 0 1 1 0.247
63 0 6 59 3 9 192 0 0 1 0 36 2 84 28 1 3 4 49 2 47 0 0 1 0 0.104
60 0 12 84 9 15 544 0 1 1 0 47 1 83 102 2 8 6 87 7 80 0 1 1 0 0.121
48 0 5 50 4 8 1105 0 0 1 0 24 1 96 35 7 6 20 168 32 136 0 0 1 0 0.202
45 0 1 18 0 3 147 1 1 1 0 12 1 50 49 1 2 4 25 2 23 1 1 1 0 0.242
44 0 6 49 1 8 121 0 0 1 0 21 1 72 32 3 4 2 39 6 33 0 0 1 0 0.095
47 0 8 68 1 11 991 0 0 1 0 55 1 90 167 3 7 14 117 18 99 0 0 1 0 0.193
46 0 1 4 0 2 43 0 0 0 0 7 1 57 9 0 1 2 13 0 13 0 0 0 0 0.235
10 0 1 16 0 2 91 0 0 1 0 9 2 66 20 1 1 0 10 2 8 0 0 1 0 0.0
51 0 4 30 0 5 942 1 0 1 0 25 1 96 132 18 2 29 173 129 44 1 0 1 0 0.253
53 0 1 3 0 1 147 0 1 1 0 7 3 60 8 2 5 2 30 2 28 0 1 1 0 0.121
54 0 1 18 0 1 245 1 0 0 0 21 2 80 24 0 1 11 88 0 88 1 0 0 0 0.2
