17 0 2 3 0 4 169 0 0 1 0 21 1 78 38 2 5 2 37 3 34 0 0 1 0 0.087
18 0 1 3 0 2 230 0 1 1 0 16 1 68 16 1 2 11 38 3 35 0 1 1 0 0.205
15 0 1 5 4 4 327 0 1 0 0 26 2 82 59 0 3 7 67 0 67 0 1 0 0 0.2
24 3 4 54 12 7 611 0 0 0 0 61 5 97 16 0 7 26 147 0 147 0 0 0 0 0.268
26 16 21 124 25 44 1893 0 1 1 1 134 9 78 37 12 13 153 846 175 671 0 1 1 1 0.334
27 0 1 10 1 1 223 0 0 0 0 3 1 8 26 2 0 620 842 15 827 0 1 0 0 0.534
28 15 15 171 9 29 576 0 1 1 0 94 24 76 13 4 4 22 312 13 299 0 1 1 1 0.334
3 0 2 19 3 3 62 0 1 1 0 9 1 36 16 4 1 0 27 13 14 0 1 1 0 0.0
20 18 7 113 0 26 650 0 1 1 1 55 7 75 15 10 3 15 252 84 168 0 1 1 1 0.161
1 0 1 3 0 2 90 0 0 1 0 7 1 77 21 3 1 0 15 6 9 0 0 1 1 0.225
5 0 2 4 0 2 81 1 0 0 0 9 1 32 18 5 0 0 34 23 11 1 0 0 0 0.0
