35 0 7 25 4 10 422 0 1 1 0 8 1 0 11 4 10 3 118 12 106 0 1 1 1 0.332
36 2 4 10 7 8 216 0 1 1 0 48 7 50 11 1 5 30 283 1 282 0 1 1 1 0.332
39 61 80 750 98 133 10844 0 1 1 1 728 48 94 246 26 25 358 1846 255 1591 0 1 1 1 0.253
13 0 2 7 1 2 202 0 0 1 0 27 1 79 41 1 5 2 43 3 40 0 0 1 0 0.091
11 0 5 35 6 7 307 0 1 1 0 23 1 93 73 7 3 5 61 28 33 0 1 1 0 0.103
38 10 10 130 0 10 1463 0 1 0 0 42 18 50 24 3 0 22 291 152 139 0 1 0 0 0.191
20 0 2 7 0 3 119 0 0 1 0 11 1 60 24 5 2 2 30 16 14 0 0 1 0 0.111
40 30 41 500 29 84 2114 0 0 1 1 327 50 0 17 32 17 199 1470 613 857 0 1 1 1 0.332
24 0 12 60 13 15 618 0 0 1 0 51 1 89 103 5 6 5 114 18 96 0 0 1 0 0.113
26 0 5 63 14 9 805 0 1 1 0 33 1 92 105 8 6 37 257 24 233 0 1 1 0 0.221
27 0 7 29 7 10 770 0 0 1 0 54 1 90 129 4 9 6 92 14 78 0 0 1 0 0.153
29 0 3 8 2 4 149 0 1 1 0 11 1 63 14 1 5 2 43 1 42 0 1 1 1 0.332
0 0 2 5 1 2 49 0 0 1 0 8 1 67 10 1 3 0 19 3 16 0 0 1 0 0.0
7 0 4 38 0 5 44 0 1 1 0 16 1 0 8 1 3 0 20 1 19 0 1 1 1 0.332
30 0 7 25 1 7 10030 0 1 0 0 0 1 0 0 1 1 671 1177 5 1172 0 1 0 0 0.468
32 0 8 38 2 11 513 0 1 1 0 41 1 82 94 2 6 4 76 5 71 0 1 1 0 0.121
9 0 1 12 0 1 36 0 0 0 0 7 2 0 7 2 0 0 17 3 14 0 0 0 0 0.0
8 0 1 5 0 1 45 0 0 0 0 6 1 62 12 0 0 0 8 0 8 0 1 1 1 0.332
