19 0 1 11 0 1 135 0 0 0 0 8 2 73 25 0 0 2 21 0 21 0 0 0 0 0.16
17 0 3 37 1 5 164 0 0 1 0 21 1 78 37 2 4 2 37 3 34 0 0 1 0 0.098
18 0 2 8 0 3 221 0 1 1 0 16 1 68 16 1 2 9 36 2 34 0 1 1 0 0.367
15 0 4 37 3 4 177 0 1 1 0 15 1 77 38 5 2 2 46 24 22 0 1 1 0 0.179
13 0 3 24 1 4 1300 0 0 1 0 41 1 87 393 1 5 7 50 3 47 0 0 1 0 0.219
14 0 8 68 2 9 317 0 1 0 0 26 2 82 58 0 3 7 67 0 67 0 1 0 0 0.173
21 18 33 173 0 41 3429 0 0 1 1 157 3 93 195 1 13 93 633 6 627 0 0 1 1 0.226
20 10 9 162 13 16 967 0 1 1 1 92 12 45 16 8 3 15 252 84 168 0 1 1 1 0.106
22 30 36 281 0 48 3234 0 0 1 0 129 3 93 198 5 7 67 377 25 352 0 0 1 0 0.266
23 5 8 61 0 16 739 0 0 0 0 74 7 97 16 0 7 26 147 0 147 0 0 0 0 0.261
25 51 58 458 16 78 3731 0 1 1 1 248 15 0 18 10 12 152 842 171 671 0 1 1 1 0.266
26 9 13 134 1 13 6847 0 0 0 0 26 17 40 10 2 0 620 842 15 827 0 0 0 0 0.596
27 39 36 404 9 56 1152 0 0 1 1 194 39 0 2 15 12 110 827 228 599 0 0 1 1 0.235
3 0 1 6 0 1 87 0 0 0 0 8 1 62 20 2 0 0 12 3 9 0 0 0 0 0.0
2 0 8 74 0 9 376 0 0 1 0 29 1 84 71 3 4 0 59 11 48 0 0 1 0 0.0
10 0 1 4 1 6 76 0 0 1 0 16 1 76 21 1 2 0 24 3 21 0 0 1 0 0.0
0 0 3 24 1 4 1566 1 0 0 0 8 1 86 617 1 2 0 11 1 10 1 0 1 0 0.0
4 0 2 17 1 2 59 0 1 1 0 9 1 36 15 4 1 0 27 13 14 0 1 1 0 0.0
9 0 2 14 0 2 103 0 1 0 0 6 2 44 28 4 0 0 17 7 10 0 1 0 0 0.0
8 0 1 2 0 1 125 0 0 0 0 16 1 78 28 2 0 0 36 3 33 0 0 0 0 0.0
