57 6 1 35 5 8 216 0 0 1 0 25 9 0 4 2 1 4 89 6 83 0 0 1 0 0.138
55 2 0 2 0 4 243 0 1 1 0 36 3 73 30 3 5 6 62 22 40 0 0 1 1 0.408
36 0 1 23 0 1 112 0 0 1 0 11 1 48 24 4 1 2 32 17 15 0 0 1 0 0.105
34 0 1 10 0 1 116 0 1 1 0 14 1 77 33 1 3 2 20 2 18 0 1 1 0 0.167
39 0 9 64 1 15 1018 0 0 1 0 56 1 91 174 4 8 10 111 13 98 0 0 1 0 0.193
11 0 3 5 1 6 388 0 1 1 0 29 1 94 93 13 4 0 84 48 36 0 0 1 1 0.408
20 0 1 2 0 3 54 0 0 0 0 9 2 0 10 2 0 0 26 3 23 0 0 0 0 0.0
40 0 1 4 3 10 1027 0 0 1 0 23 1 100 30 4 6 20 160 27 133 0 0 1 0 0.192
63 71 75 560 21 121 9616 0 1 1 1 674 35 94 281 21 35 288 1703 182 1521 0 0 1 1 0.408
61 50 50 566 15 82 4138 0 1 1 1 485 69 0 1 45 37 706 2836 597 2239 0 0 1 1 0.408
49 0 2 16 1 2 439 0 0 1 0 32 1 86 119 7 7 2 70 22 48 0 1 1 0 0.088
48 0 7 23 5 13 934 0 1 1 0 44 1 94 141 3 10 31 219 25 194 0 1 1 0 0.197
44 0 8 25 0 10 943 1 0 1 0 23 1 95 131 17 4 29 166 124 42 1 0 1 0 0.251
25 0 1 1 1 2 332 0 1 1 0 28 1 93 76 9 3 4 70 29 41 0 1 1 0 0.106
3 0 2 27 1 3 415 0 0 1 0 19 1 78 98 5 4 0 48 11 37 0 0 1 0 0.0
2 0 2 24 0 2 55 0 0 1 0 9 1 75 12 2 3 0 19 3 16 0 0 1 0 0.0
1 0 2 25 0 2 41 0 0 1 0 6 1 22 8 1 3 0 16 1 15 0 0 1 0 0.0
7 0 1 1 0 1 131 0 0 0 0 8 1 95 23 9 0 0 22 12 10 0 0 0 0 0.0
54 0 1 10 0 3 256 0 0 1 0 11 1 61 57 1 3 4 40 4 36 0 0 1 1 0.408
50 0 7 45 1 8 521 0 1 1 0 43 1 82 91 3 9 6 87 6 81 0 1 1 0 0.121
