19 0 3 23 1 3 551 0 1 1 0 36 1 70 94 1 3 2 61 2 59 0 1 1 0 0.061
35 4 5 19 0 9 206 0 1 1 0 54 8 100 2 1 4 30 283 1 282 0 1 1 0 0.175
17 0 2 15 1 2 257 0 1 1 0 40 1 81 54 1 6 2 60 5 55 0 1 1 0 0.063
18 0 1 8 1 1 2010 0 0 1 0 12 1 100 29 2 1 88 272 21 251 0 0 1 0 0.385
33 4 4 18 0 4 198 0 1 1 0 25 2 54 29 2 1 0 35 3 32 0 1 1 0 0.0
15 0 1 2 2 1 202 0 0 1 0 27 1 79 41 1 3 2 43 3 40 0 0 1 0 0.085
16 0 4 21 2 4 135 0 0 1 0 4 3 100 1 1 3 4 58 9 49 0 0 1 0 0.121
13 0 3 7 2 4 305 0 1 1 0 24 1 93 72 6 1 5 61 28 33 0 1 1 0 0.141
39 2 6 30 1 6 141 0 0 1 0 23 3 71 8 2 1 0 77 6 71 0 0 1 1 0.213
14 0 1 4 1 1 151 0 0 1 0 18 1 84 28 2 4 4 40 7 33 0 0 1 0 0.17
11 0 1 1 0 6 36 0 0 0 0 7 2 0 7 2 0 0 17 3 14 0 0 0 0 0.0
38 5 0 8 4 5 866 0 0 0 0 84 7 96 32 0 9 33 186 0 186 0 0 0 0 0.262
21 0 3 8 0 4 213 0 1 0 0 20 2 77 40 0 4 2 41 0 41 0 1 0 0 0.089
20 0 3 29 1 3 388 0 0 1 0 44 2 85 63 3 6 7 83 4 79 0 0 1 0 0.131
42 190 177 1163 63 243 12345 0 1 1 1 953 106 33 24 32 29 827 2475 516 1959 0 0 1 1 0.213
41 8 17 101 6 19 1468 0 0 1 1 92 8 0 11 12 11 18 343 112 231 0 1 1 1 0.279
40 7 8 61 2 10 491 0 1 1 0 61 8 67 23 5 8 8 110 11 99 0 0 1 1 0.213
22 0 2 19 2 2 112 0 0 1 0 11 1 82 21 4 1 2 30 16 14 0 0 1 0 0.118
25 0 3 16 0 3 135 0 1 1 0 16 2 50 17 3 1 4 32 6 26 0 1 1 0 0.178
26 0 11 48 2 14 784 0 1 1 0 31 1 92 102 8 5 35 244 23 221 0 1 1 0 0.224
27 0 16 88 6 18 735 0 0 1 0 51 1 90 122 4 8 2 79 14 65 0 0 1 0 0.115
28 0 5 20 1 6 166 0 0 1 0 14 2 75 29 1 1 6 41 1 40 0 0 1 0 0.226
29 0 1 1 1 1 149 0 1 1 0 11 1 63 14 1 3 2 42 1 41 0 1 1 0 0.085
3 0 1 3 1 1 84 1 0 0 0 9 1 30 20 12 0 0 50 39 11 1 0 0 0 0.0
2 0 3 13 1 4 182 0 1 1 1 19 1 83 44 14 1 0 59 35 24 0 1 1 0 0.0
1 0 6 24 3 7 518 0 0 1 0 37 1 89 100 5 4 0 72 18 54 0 0 1 0 0.081
0 0 1 11 0 1 48 0 0 1 0 8 1 67 10 1 3 0 19 3 16 0 0 1 0 0.0
30 0 1 1 1 1 9477 0 1 0 0 0 1 0 0 1 1 649 1134 5 1129 0 1 0 0 0.533
32 0 12 73 4 13 497 0 1 1 0 41 1 78 91 3 6 4 76 5 71 0 1 1 0 0.095
4 0 4 17 0 9 163 0 0 1 0 25 2 73 32 1 2 0 31 1 30 0 1 1 1 0.279
