19 0 1 11 0 1 135 0 0 0 0 8 2 73 25 0 0 2 21 0 21 0 0 0 0 0.16
17 0 3 37 1 5 164 0 0 1 0 21 1 78 37 2 4 2 37 3 34 0 0 1 0 0.098
18 0 2 8 0 3 221 0 1 1 0 16 1 68 16 1 2 9 36 2 34 0 1 1 0 0.367
15 0 4 37 3 4 177 0 1 1 0 15 1 77 38 5 2 2 46 24 22 0 1 1 0 0.179
13 0 3 24 1 4 1300 0 0 1 0 41 1 87 393 1 5 7 50 3 47 0 0 1 0 0.219
14 0 8 68 2 9 317 0 1 0 0 26 2 82 58 0 3 7 67 0 67 0 1 0 0 0.173
21 18 33 173 0 41 3429 0 0 1 1 157 3 93 195 1 13 93 633 6 627 0 0 1 1 0.226
20 10 9 162 13 16 967 0 1 1 1 92 12 45 16 8 3 15 252 84 168 0 1 1 1 0.106
22 30 36 281 0 48 3234 0 0 1 0 129 3 93 198 5 7 67 377 25 352 0 0 1 0 0.266
23 5 8 61 0 16 739 0 0 0 0 74 7 97 16 0 7 26 147 0 147 0 0 0 0 0.261
25 51 58 458 16 78 3731 0 1 1 1 248 15 0 18 10 12 152 842 171 671 0 1 1 1 0.266
26 9 13 134 1 13 6847 0 0 0 0 26 17 40 10 2 0 620 842 15 827 0 0 0 0 0.596
27 39 36 404 9 56 1152 0 0 1 1 194 39 0 2 15 12 110 827 228 599 0 0 1 1 0.235
3 0 1 6 0 1 87 0 0 0 0 8 1 62 20 2 0 0 12 3 9 0 0 0 0 0.0
2 0 8 74 0 9 376 0 0 1 0 29 1 84 71 3 4 0 59 11 48 0 0 1 0 0.0
10 0 1 4 1 6 76 0 0 1 0 16 1 76 21 1 2 0 24 3 21 0 0 1 0 0.0
0 0 3 24 1 4 1566 1 0 0 0 8 1 86 617 1 2 0 11 1 10 1 0 1 0 0.0
4 0 2 17 1 2 59 0 1 1 0 9 1 36 15 4 1 0 27 13 14 0 1 1 0 0.0
9 0 2 14 0 2 103 0 1 0 0 6 2 44 28 4 0 0 17 7 10 0 1 0 0 0.0
8 0 1 2 0 1 125 0 0 0 0 16 1 78 28 2 0 0 36 3 33 0 0 0 0 0.0
17 0 2 3 0 4 169 0 0 1 0 21 1 78 38 2 5 2 37 3 34 0 0 1 0 0.087
18 0 1 3 0 2 230 0 1 1 0 16 1 68 16 1 2 11 38 3 35 0 1 1 0 0.205
15 0 1 5 4 4 327 0 1 0 0 26 2 82 59 0 3 7 67 0 67 0 1 0 0 0.2
24 3 4 54 12 7 611 0 0 0 0 61 5 97 16 0 7 26 147 0 147 0 0 0 0 0.268
26 16 21 124 25 44 1893 0 1 1 1 134 9 78 37 12 13 153 846 175 671 0 1 1 1 0.334
27 0 1 10 1 1 223 0 0 0 0 3 1 8 26 2 0 620 842 15 827 0 1 0 0 0.534
28 15 15 171 9 29 576 0 1 1 0 94 24 76 13 4 4 22 312 13 299 0 1 1 1 0.334
3 0 2 19 3 3 62 0 1 1 0 9 1 36 16 4 1 0 27 13 14 0 1 1 0 0.0
20 18 7 113 0 26 650 0 1 1 1 55 7 75 15 10 3 15 252 84 168 0 1 1 1 0.161
1 0 1 3 0 2 90 0 0 1 0 7 1 77 21 3 1 0 15 6 9 0 0 1 1 0.225
5 0 2 4 0 2 81 1 0 0 0 9 1 32 18 5 0 0 34 23 11 1 0 0 0 0.0
35 2 2 44 3 4 544 0 1 1 0 64 3 85 63 2 9 16 98 3 95 0 0 1 0 0.144
36 4 20 136 37 28 1413 0 0 1 1 127 4 92 188 5 14 33 227 14 213 0 1 1 1 0.401
18 0 12 74 8 21 537 0 1 1 0 29 1 81 65 5 7 27 189 21 168 0 1 1 0 0.223
33 4 4 88 0 6 74 0 0 1 0 23 12 46 6 10 6 2 121 43 78 0 1 1 1 0.401
34 12 3 47 8 17 980 0 0 0 0 106 11 97 18 0 9 33 180 0 180 0 0 0 0 0.262
16 0 1 19 0 3 101 0 1 1 0 10 1 80 12 2 3 5 33 4 29 0 1 1 0 0.244
13 0 4 24 1 4 236 0 1 1 0 32 3 75 46 1 10 2 60 2 58 0 1 1 1 0.401
37 10 21 249 12 37 1649 0 1 1 1 172 16 86 48 23 11 48 502 196 306 0 1 1 1 0.401
38 5 6 105 1 10 687 0 1 1 0 81 6 92 35 7 12 46 218 11 207 0 1 1 0 0.345
12 0 5 34 7 6 274 0 1 1 0 14 1 88 69 10 2 2 71 52 19 0 1 1 1 0.401
21 0 2 11 1 2 8753 0 1 0 0 0 1 0 0 1 1 605 1054 5 1049 0 1 0 0 0.534
22 0 2 11 8 3 435 0 1 1 0 38 1 77 83 3 8 4 70 5 65 0 1 1 0 0.095
23 0 2 2 1 4 142 0 1 1 0 22 1 56 31 10 2 2 73 42 31 0 1 1 1 0.401
28 0 2 8 0 3 85 0 0 1 0 8 1 53 19 12 3 0 56 41 15 0 1 1 1 0.401
29 1 1 22 0 2 26 0 0 0 0 6 1 66 6 1 0 4 14 3 11 0 0 0 0 0.364
3 0 1 2 0 1 17 0 0 0 0 0 1 37 4 1 0 0 8 7 1 0 0 0 0 0.0
1 0 3 21 2 7 116 0 1 1 0 14 1 69 32 12 1 0 48 34 14 0 1 1 1 0.0
7 0 2 29 0 3 74 1 1 0 0 13 1 50 14 0 7 0 24 0 24 1 1 0 0 0.0
32 10 7 76 0 11 1463 0 1 0 0 42 18 50 24 3 0 22 270 131 139 0 1 0 0 0.137
5 0 5 31 8 6 447 0 0 1 0 46 1 90 93 4 11 0 71 14 57 0 0 1 0 0.048
31 68 76 589 49 114 4442 0 1 1 1 419 90 54 13 27 24 455 1814 447 1367 0 1 1 1 0.401
4 0 8 29 3 10 294 0 0 1 0 23 1 80 73 4 5 0 48 12 36 0 0 1 1 0.095
19 0 3 23 1 3 551 0 1 1 0 36 1 70 94 1 3 2 61 2 59 0 1 1 0 0.061
35 4 5 19 0 9 206 0 1 1 0 54 8 100 2 1 4 30 283 1 282 0 1 1 0 0.175
17 0 2 15 1 2 257 0 1 1 0 40 1 81 54 1 6 2 60 5 55 0 1 1 0 0.063
18 0 1 8 1 1 2010 0 0 1 0 12 1 100 29 2 1 88 272 21 251 0 0 1 0 0.385
33 4 4 18 0 4 198 0 1 1 0 25 2 54 29 2 1 0 35 3 32 0 1 1 0 0.0
15 0 1 2 2 1 202 0 0 1 0 27 1 79 41 1 3 2 43 3 40 0 0 1 0 0.085
16 0 4 21 2 4 135 0 0 1 0 4 3 100 1 1 3 4 58 9 49 0 0 1 0 0.121
13 0 3 7 2 4 305 0 1 1 0 24 1 93 72 6 1 5 61 28 33 0 1 1 0 0.141
39 2 6 30 1 6 141 0 0 1 0 23 3 71 8 2 1 0 77 6 71 0 0 1 1 0.213
14 0 1 4 1 1 151 0 0 1 0 18 1 84 28 2 4 4 40 7 33 0 0 1 0 0.17
11 0 1 1 0 6 36 0 0 0 0 7 2 0 7 2 0 0 17 3 14 0 0 0 0 0.0
38 5 0 8 4 5 866 0 0 0 0 84 7 96 32 0 9 33 186 0 186 0 0 0 0 0.262
21 0 3 8 0 4 213 0 1 0 0 20 2 77 40 0 4 2 41 0 41 0 1 0 0 0.089
20 0 3 29 1 3 388 0 0 1 0 44 2 85 63 3 6 7 83 4 79 0 0 1 0 0.131
42 190 177 1163 63 243 12345 0 1 1 1 953 106 33 24 32 29 827 2475 516 1959 0 0 1 1 0.213
41 8 17 101 6 19 1468 0 0 1 1 92 8 0 11 12 11 18 343 112 231 0 1 1 1 0.279
40 7 8 61 2 10 491 0 1 1 0 61 8 67 23 5 8 8 110 11 99 0 0 1 1 0.213
22 0 2 19 2 2 112 0 0 1 0 11 1 82 21 4 1 2 30 16 14 0 0 1 0 0.118
25 0 3 16 0 3 135 0 1 1 0 16 2 50 17 3 1 4 32 6 26 0 1 1 0 0.178
26 0 11 48 2 14 784 0 1 1 0 31 1 92 102 8 5 35 244 23 221 0 1 1 0 0.224
27 0 16 88 6 18 735 0 0 1 0 51 1 90 122 4 8 2 79 14 65 0 0 1 0 0.115
28 0 5 20 1 6 166 0 0 1 0 14 2 75 29 1 1 6 41 1 40 0 0 1 0 0.226
29 0 1 1 1 1 149 0 1 1 0 11 1 63 14 1 3 2 42 1 41 0 1 1 0 0.085
3 0 1 3 1 1 84 1 0 0 0 9 1 30 20 12 0 0 50 39 11 1 0 0 0 0.0
2 0 3 13 1 4 182 0 1 1 1 19 1 83 44 14 1 0 59 35 24 0 1 1 0 0.0
1 0 6 24 3 7 518 0 0 1 0 37 1 89 100 5 4 0 72 18 54 0 0 1 0 0.081
0 0 1 11 0 1 48 0 0 1 0 8 1 67 10 1 3 0 19 3 16 0 0 1 0 0.0
30 0 1 1 1 1 9477 0 1 0 0 0 1 0 0 1 1 649 1134 5 1129 0 1 0 0 0.533
32 0 12 73 4 13 497 0 1 1 0 41 1 78 91 3 6 4 76 5 71 0 1 1 0 0.095
4 0 4 17 0 9 163 0 0 1 0 25 2 73 32 1 2 0 31 1 30 0 1 1 1 0.279
35 0 7 25 4 10 422 0 1 1 0 8 1 0 11 4 10 3 118 12 106 0 1 1 1 0.332
36 2 4 10 7 8 216 0 1 1 0 48 7 50 11 1 5 30 283 1 282 0 1 1 1 0.332
39 61 80 750 98 133 10844 0 1 1 1 728 48 94 246 26 25 358 1846 255 1591 0 1 1 1 0.253
13 0 2 7 1 2 202 0 0 1 0 27 1 79 41 1 5 2 43 3 40 0 0 1 0 0.091
11 0 5 35 6 7 307 0 1 1 0 23 1 93 73 7 3 5 61 28 33 0 1 1 0 0.103
38 10 10 130 0 10 1463 0 1 0 0 42 18 50 24 3 0 22 291 152 139 0 1 0 0 0.191
20 0 2 7 0 3 119 0 0 1 0 11 1 60 24 5 2 2 30 16 14 0 0 1 0 0.111
40 30 41 500 29 84 2114 0 0 1 1 327 50 0 17 32 17 199 1470 613 857 0 1 1 1 0.332
24 0 12 60 13 15 618 0 0 1 0 51 1 89 103 5 6 5 114 18 96 0 0 1 0 0.113
26 0 5 63 14 9 805 0 1 1 0 33 1 92 105 8 6 37 257 24 233 0 1 1 0 0.221
27 0 7 29 7 10 770 0 0 1 0 54 1 90 129 4 9 6 92 14 78 0 0 1 0 0.153
29 0 3 8 2 4 149 0 1 1 0 11 1 63 14 1 5 2 43 1 42 0 1 1 1 0.332
0 0 2 5 1 2 49 0 0 1 0 8 1 67 10 1 3 0 19 3 16 0 0 1 0 0.0
7 0 4 38 0 5 44 0 1 1 0 16 1 0 8 1 3 0 20 1 19 0 1 1 1 0.332
30 0 7 25 1 7 10030 0 1 0 0 0 1 0 0 1 1 671 1177 5 1172 0 1 0 0 0.468
32 0 8 38 2 11 513 0 1 1 0 41 1 82 94 2 6 4 76 5 71 0 1 1 0 0.121
9 0 1 12 0 1 36 0 0 0 0 7 2 0 7 2 0 0 17 3 14 0 0 0 0 0.0
8 0 1 5 0 1 45 0 0 0 0 6 1 62 12 0 0 0 8 0 8 0 1 1 1 0.332
57 6 1 35 5 8 216 0 0 1 0 25 9 0 4 2 1 4 89 6 83 0 0 1 0 0.138
55 2 0 2 0 4 243 0 1 1 0 36 3 73 30 3 5 6 62 22 40 0 0 1 1 0.408
36 0 1 23 0 1 112 0 0 1 0 11 1 48 24 4 1 2 32 17 15 0 0 1 0 0.105
34 0 1 10 0 1 116 0 1 1 0 14 1 77 33 1 3 2 20 2 18 0 1 1 0 0.167
39 0 9 64 1 15 1018 0 0 1 0 56 1 91 174 4 8 10 111 13 98 0 0 1 0 0.193
11 0 3 5 1 6 388 0 1 1 0 29 1 94 93 13 4 0 84 48 36 0 0 1 1 0.408
20 0 1 2 0 3 54 0 0 0 0 9 2 0 10 2 0 0 26 3 23 0 0 0 0 0.0
40 0 1 4 3 10 1027 0 0 1 0 23 1 100 30 4 6 20 160 27 133 0 0 1 0 0.192
63 71 75 560 21 121 9616 0 1 1 1 674 35 94 281 21 35 288 1703 182 1521 0 0 1 1 0.408
61 50 50 566 15 82 4138 0 1 1 1 485 69 0 1 45 37 706 2836 597 2239 0 0 1 1 0.408
49 0 2 16 1 2 439 0 0 1 0 32 1 86 119 7 7 2 70 22 48 0 1 1 0 0.088
48 0 7 23 5 13 934 0 1 1 0 44 1 94 141 3 10 31 219 25 194 0 1 1 0 0.197
44 0 8 25 0 10 943 1 0 1 0 23 1 95 131 17 4 29 166 124 42 1 0 1 0 0.251
25 0 1 1 1 2 332 0 1 1 0 28 1 93 76 9 3 4 70 29 41 0 1 1 0 0.106
3 0 2 27 1 3 415 0 0 1 0 19 1 78 98 5 4 0 48 11 37 0 0 1 0 0.0
2 0 2 24 0 2 55 0 0 1 0 9 1 75 12 2 3 0 19 3 16 0 0 1 0 0.0
1 0 2 25 0 2 41 0 0 1 0 6 1 22 8 1 3 0 16 1 15 0 0 1 0 0.0
7 0 1 1 0 1 131 0 0 0 0 8 1 95 23 9 0 0 22 12 10 0 0 0 0 0.0
54 0 1 10 0 3 256 0 0 1 0 11 1 61 57 1 3 4 40 4 36 0 0 1 1 0.408
50 0 7 45 1 8 521 0 1 1 0 43 1 82 91 3 9 6 87 6 81 0 1 1 0 0.121
35 0 1 27 1 1 371 0 0 0 0 9 1 0 11 0 7 2 64 0 64 0 0 0 0 0.05
36 0 3 24 2 4 368 0 0 1 0 29 1 81 66 2 5 6 48 3 45 0 0 1 0 0.148
37 0 1 11 0 2 116 0 1 1 0 10 1 56 32 2 1 2 21 3 18 0 0 1 0 0.099
43 0 2 10 0 3 141 0 0 1 0 11 1 78 29 4 1 2 34 19 15 0 0 1 0 0.105
41 0 1 1 0 1 111 0 0 1 0 17 1 66 12 1 1 6 33 1 32 0 0 1 0 0.267
40 0 1 18 0 2 231 0 0 1 0 15 1 61 11 1 3 13 58 1 57 0 0 1 0 0.31
67 24 24 648 0 24 639 0 0 0 0 72 48 44 7 3 1 12 238 41 197 0 0 0 0 0.092
66 0 2 11 6 3 471 0 1 1 0 34 1 86 128 4 10 8 165 13 152 0 1 1 0 0.081
68 11 15 129 7 23 559 0 0 1 0 57 5 53 21 6 7 7 120 24 96 0 0 1 0 0.099
25 0 1 9 2 2 92 1 0 0 0 9 1 30 23 11 0 0 55 43 12 1 0 0 0 0.0
27 0 2 35 0 2 182 0 0 1 0 24 1 79 32 2 1 0 38 2 36 0 0 1 0 0.0
2 0 5 46 3 7 524 0 0 1 0 26 1 81 125 4 3 0 57 12 45 0 0 1 0 0.06
1 0 1 10 0 2 58 0 0 1 0 6 1 26 13 1 2 0 15 1 14 0 0 1 0 0.0
0 0 1 27 0 1 297 0 0 0 0 40 1 0 62 1 8 0 52 1 51 0 0 0 0 0.05
5 0 1 4 0 1 21 0 0 1 0 2 1 60 6 1 1 0 4 1 3 0 0 1 0 0.0
31 0 1 5 1 2 459 0 1 0 0 39 1 83 82 0 8 5 72 0 72 0 1 0 0 0.122
70 159 146 1491 66 251 11123 0 0 1 1 1051 125 82 66 50 44 1293 3756 529 3227 0 0 1 1 0.247
71 40 46 380 19 82 4523 0 0 1 1 289 7 94 160 9 16 91 592 76 516 0 1 1 1 0.275
8 0 3 30 1 4 66 0 0 1 0 11 1 62 16 2 5 0 22 2 20 0 0 1 0 0.0
73 2 3 33 1 5 388 0 1 1 0 44 2 93 76 8 5 5 84 29 55 0 1 1 0 0.107
59 0 5 13 4 8 636 0 1 1 0 43 1 89 69 4 7 29 237 30 207 0 1 1 0 0.197
56 0 1 18 0 1 189 0 1 1 0 33 2 81 29 1 9 5 68 1 67 0 1 1 1 0.275
55 0 1 18 0 1 205 0 0 0 0 16 2 83 25 2 0 23 46 2 44 0 0 0 0 0.5
18 0 2 11 0 3 120 0 0 1 0 14 2 70 30 5 1 0 26 9 17 0 0 1 0 0.0
20 0 3 45 0 4 66 0 0 1 0 9 1 77 15 3 4 0 21 5 16 0 0 1 0 0.0
64 0 1 16 0 2 101 0 1 1 0 13 1 83 30 3 3 1 59 6 53 0 0 1 1 0.247
63 0 6 59 3 9 192 0 0 1 0 36 2 84 28 1 3 4 49 2 47 0 0 1 0 0.104
60 0 12 84 9 15 544 0 1 1 0 47 1 83 102 2 8 6 87 7 80 0 1 1 0 0.121
48 0 5 50 4 8 1105 0 0 1 0 24 1 96 35 7 6 20 168 32 136 0 0 1 0 0.202
45 0 1 18 0 3 147 1 1 1 0 12 1 50 49 1 2 4 25 2 23 1 1 1 0 0.242
44 0 6 49 1 8 121 0 0 1 0 21 1 72 32 3 4 2 39 6 33 0 0 1 0 0.095
47 0 8 68 1 11 991 0 0 1 0 55 1 90 167 3 7 14 117 18 99 0 0 1 0 0.193
46 0 1 4 0 2 43 0 0 0 0 7 1 57 9 0 1 2 13 0 13 0 0 0 0 0.235
10 0 1 16 0 2 91 0 0 1 0 9 2 66 20 1 1 0 10 2 8 0 0 1 0 0.0
51 0 4 30 0 5 942 1 0 1 0 25 1 96 132 18 2 29 173 129 44 1 0 1 0 0.253
53 0 1 3 0 1 147 0 1 1 0 7 3 60 8 2 5 2 30 2 28 0 1 1 0 0.121
54 0 1 18 0 1 245 1 0 0 0 21 2 80 24 0 1 11 88 0 88 1 0 0 0 0.2
35 0 9 59 2 10 399 0 0 1 0 30 1 81 67 2 7 4 46 3 43 0 0 1 0 0.131
33 0 3 33 4 6 317 0 1 1 0 72 1 81 67 3 9 2 96 8 88 0 0 1 1 0.377
37 0 1 6 0 1 116 0 1 1 0 14 1 77 33 2 2 2 20 2 18 0 2 1 0 0.167
43 0 1 15 1 1 151 1 1 1 0 12 1 52 50 1 3 4 25 2 23 1 1 1 0 0.242
67 0 1 1 1 1 18 0 0 0 0 1 2 50 5 2 1 12 238 41 197 0 0 0 0 0.092
68 4 4 24 0 7 636 0 0 1 0 59 3 74 33 1 8 10 114 3 111 0 0 1 1 0.377
29 0 3 9 0 3 321 0 1 1 0 27 1 92 75 6 2 4 67 30 37 0 2 1 0 0.103
1 0 1 2 0 1 45 0 0 0 0 9 2 42 12 0 2 0 13 0 13 0 0 0 0 0.0
30 0 1 2 1 1 459 0 1 0 0 39 1 83 82 0 9 5 72 0 72 0 0 1 1 0.377
7 0 3 33 0 3 90 0 0 1 0 13 1 70 21 2 4 0 23 3 20 0 0 1 0 0.0
32 0 1 2 0 1 52 0 0 1 0 6 1 72 12 2 2 2 16 6 10 0 0 1 0 0.2
5 0 1 1 0 2 129 0 0 0 0 8 1 95 23 8 0 0 21 11 10 0 0 0 0 0.0
31 0 1 2 2 3 377 0 0 1 0 23 1 90 46 1 4 10 51 3 48 0 0 1 0 0.274
70 5 4 24 0 8 146 0 0 1 0 23 6 0 1 4 3 16 178 20 158 0 0 1 0 0.176
71 20 25 159 9 40 1667 0 0 1 1 230 29 70 27 44 34 449 2737 658 2079 0 0 1 1 0.377
72 92 77 431 131 155 11212 0 1 1 1 715 24 50 25 36 42 493 2594 372 2222 0 0 1 1 0.377
73 0 2 5 1 3 371 0 0 0 0 9 1 0 11 0 12 3 114 0 114 0 0 0 0 0.058
75 0 3 20 4 3 121 0 0 1 0 22 1 84 28 3 6 4 69 4 65 0 0 1 1 0.377
76 10 12 110 4 14 412 0 0 1 0 34 3 66 47 9 8 8 145 34 111 0 0 1 1 0.053
57 0 6 42 1 6 157 0 0 1 0 18 1 75 33 2 4 2 32 10 22 0 0 1 0 0.111
13 0 1 4 0 1 72 1 0 1 0 8 1 45 20 6 1 0 16 8 8 1 0 1 0 0.0
14 0 1 2 0 1 40 0 0 1 0 4 1 33 9 1 2 0 6 1 5 0 0 1 0 0.0
64 0 1 2 0 2 44 0 0 1 0 4 1 28 11 13 3 0 77 56 21 0 0 1 0 0.046
63 2 0 2 0 2 55 0 0 0 0 17 2 33 4 0 1 0 51 0 51 0 0 1 1 0.377
61 0 5 26 4 6 638 0 1 1 0 43 1 89 69 4 8 29 237 30 207 0 2 1 0 0.193
49 0 4 19 1 9 114 0 0 1 0 14 1 65 18 1 2 5 32 1 31 0 0 1 1 0.377
46 0 4 26 4 9 1134 0 0 1 0 24 1 96 35 4 7 20 158 21 137 0 0 1 0 0.195
10 0 1 1 0 1 193 1 0 0 0 10 1 83 33 2 2 0 32 3 29 1 0 1 0 0.0
51 0 6 37 3 7 988 1 0 1 0 25 1 96 145 18 3 29 171 127 44 1 0 1 0 0.252
53 0 1 2 3 2 234 0 0 1 0 30 2 76 39 1 2 2 45 1 44 0 0 1 1 0.377
54 0 1 15 1 1 168 0 1 1 0 7 2 60 8 1 5 2 29 2 27 0 2 1 0 0.121
33 0 1 5 2 3 243 0 1 1 0 26 1 86 58 5 4 0 57 26 31 0 1 1 0 0.0
39 0 1 23 2 1 380 0 0 0 0 9 1 0 11 0 8 2 65 0 65 0 0 0 0 0.058
38 0 5 26 11 13 1197 0 0 1 0 64 2 82 175 4 11 29 184 22 162 0 0 1 0 0.256
41 0 1 2 2 1 459 0 0 1 0 35 1 86 76 2 7 4 53 3 50 0 0 1 0 0.133
82 0 4 15 4 4 259 0 0 1 0 29 2 78 19 2 4 23 215 25 190 0 0 1 0 0.171
83 9 9 108 9 9 3326 0 2 0 0 110 15 85 65 3 0 76 590 167 423 0 2 0 0 0.205
80 20 20 460 0 20 544 0 0 0 0 62 40 38 13 3 1 12 238 41 197 0 0 0 0 0.092
81 2 3 22 8 5 863 0 0 1 0 37 2 61 52 10 4 8 172 60 112 0 0 1 0 0.085
86 0 1 12 0 1 67 0 2 1 0 17 1 0 13 11 5 5 87 32 55 0 2 1 0 0.103
85 0 1 1 0 2 225 0 0 1 1 19 1 68 51 22 12 18 645 264 381 0 2 1 1 0.266
69 0 1 1 6 3 716 0 2 1 0 48 1 90 81 6 9 31 259 31 228 0 2 1 0 0.193
68 0 1 1 0 1 420 0 0 1 0 29 1 80 84 2 3 2 53 10 43 0 0 1 0 0.07
23 0 1 1 2 3 137 0 0 0 0 15 1 77 28 1 0 0 28 2 26 0 0 1 0 0.0
0 0 2 26 0 2 297 0 0 0 0 40 1 0 62 1 10 0 52 1 51 0 0 0 0 0.0
30 0 2 2 8 5 596 0 0 1 0 37 1 90 136 6 8 0 61 16 45 0 0 1 0 0.048
32 0 1 12 0 1 64 0 2 1 0 9 1 0 12 4 1 0 39 23 16 0 2 1 0 0.0
70 0 1 2 0 2 120 0 0 0 0 5 1 71 11 1 0 8 21 2 19 0 0 0 0 0.432
71 0 1 1 0 1 135 0 0 1 0 20 3 60 19 1 3 2 34 1 33 0 0 1 0 0.105
72 0 3 20 5 3 370 0 1 1 0 39 1 81 73 2 11 2 55 6 49 0 1 1 0 0.068
58 0 1 1 1 2 1010 1 0 1 0 26 1 96 148 16 2 29 172 127 45 1 0 1 0 0.247
56 0 3 5 3 6 356 0 0 1 0 29 1 71 56 2 3 21 56 4 52 0 0 1 0 0.429
55 0 1 1 0 2 447 0 0 0 0 33 1 0 60 0 6 5 61 0 61 0 0 1 1 0.236
60 0 1 12 1 1 142 1 0 1 0 12 1 68 31 3 1 6 48 7 41 1 0 1 0 0.2
49 0 2 17 0 2 121 0 0 1 0 11 1 75 28 2 1 2 24 9 15 0 0 1 0 0.143
47 0 2 3 0 2 298 0 0 0 0 18 1 84 27 1 0 8 60 5 55 0 0 0 0 0.211
53 0 4 7 2 8 1185 0 0 1 0 29 1 96 41 5 7 20 165 21 144 0 0 1 0 0.195
54 0 2 13 2 2 27165 0 2 0 0 0 1 0 0 1 1 1306 3974 5 3969 0 2 0 0 0.397
88 6 10 53 12 10 1053 0 2 1 1 137 8 76 26 6 14 65 408 21 387 0 2 1 1 0.275
36 0 12 61 19 25 1366 0 0 1 0 66 2 83 202 5 11 35 203 22 181 0 0 1 0 0.242
37 0 1 2 1 1 380 0 0 0 0 9 1 0 11 0 8 2 65 0 65 0 0 0 0 0.048
82 0 2 7 3 2 229 0 0 1 0 28 2 73 17 4 5 22 214 25 189 0 0 1 0 0.161
83 23 35 230 49 76 5538 0 0 1 1 367 10 95 153 12 25 133 860 109 751 0 2 1 1 0.387
80 35 43 447 36 84 2400 0 0 1 1 307 63 0 4 58 28 247 2155 730 1425 0 2 1 1 0.387
81 5 8 74 9 11 1072 0 0 1 0 58 3 61 52 10 5 8 172 60 112 0 0 1 0 0.107
87 0 1 1 3 1 344 0 2 1 0 27 1 93 82 8 6 5 87 32 55 0 2 1 0 0.067
84 0 1 1 0 1 49 0 2 1 0 9 1 59 11 1 2 1 40 10 30 0 2 1 0 0.047
85 9 9 90 10 9 3326 0 2 0 0 110 15 85 65 3 0 76 590 167 423 0 2 0 0 0.124
66 0 1 1 0 2 180 1 0 0 0 4 1 100 6 7 0 20 88 32 56 1 0 0 0 0.274
68 0 3 27 2 9 731 0 2 1 0 49 1 90 84 7 8 31 259 31 228 0 2 1 0 0.212
7 0 1 1 0 1 130 0 0 0 0 8 1 95 23 8 0 0 25 15 10 0 0 0 0 0.0
5 0 1 4 0 1 64 0 0 0 0 12 1 0 9 0 3 0 29 0 29 0 0 0 0 0.0
32 0 3 12 0 5 103 1 0 1 0 11 2 50 21 1 3 0 16 1 15 1 0 1 0 0.0
31 0 3 46 1 5 245 0 1 1 0 27 1 86 59 6 5 0 58 26 32 0 1 1 0 0.095
70 0 6 50 7 20 633 0 0 1 0 43 1 90 139 5 9 2 79 16 63 0 2 1 0 0.067
8 0 3 17 2 3 192 0 2 1 0 17 1 63 43 1 4 0 34 1 33 0 2 1 0 0.0
58 0 1 11 3 1 142 1 0 1 0 12 1 68 31 4 1 6 48 7 41 1 0 1 0 0.288
56 0 4 23 6 6 1018 1 0 1 0 28 1 96 149 20 3 29 177 129 48 1 0 1 0 0.212
17 0 1 10 2 1 48 0 0 1 0 10 2 0 10 1 1 0 25 2 23 0 0 1 0 0.0
12 0 1 11 0 2 20 0 0 1 0 5 3 33 3 1 5 0 8 1 7 0 2 1 1 0.387
62 0 1 10 0 1 251 1 0 0 0 21 2 80 24 0 1 11 91 0 91 1 0 0 0 0.193
60 0 1 2 0 1 153 0 1 1 0 16 2 61 19 1 1 4 30 3 27 0 1 1 0 0.205
61 0 1 19 1 1 171 0 2 1 0 7 2 60 8 2 5 2 29 2 27 0 2 1 0 0.121
51 0 1 3 1 1 43 0 0 0 0 7 1 57 9 0 1 2 13 0 13 0 0 0 0 0.174
52 0 2 12 2 2 1185 0 0 1 0 29 1 96 41 6 7 20 165 21 144 0 0 1 0 0.258
53 0 2 11 3 2 27165 0 2 0 0 0 1 0 0 1 1 1306 3974 5 3969 0 2 0 0 0.332
88 15 23 204 19 54 1974 0 2 1 1 185 9 73 34 8 15 82 432 21 411 0 2 1 1 0.238
89 55 75 772 82 143 10331 0 2 1 1 712 37 95 346 46 54 656 3623 540 3083 0 2 1 1 0.387
36 0 1 12 0 1 45 0 0 0 0 6 1 62 12 0 0 0 8 0 8 0 0 1 0 0.022
33 0 2 14 0 2 187 0 2 0 0 17 2 42 24 0 3 0 28 0 28 0 2 0 0 0.0
37 0 1 1 0 1 40 0 0 1 0 4 1 33 9 1 2 0 6 1 5 0 0 1 0 0.0
42 0 1 11 0 1 98 0 0 1 0 10 1 46 19 1 7 0 19 1 18 0 0 1 0 0.0
40 0 1 2 0 1 60 0 0 0 0 1 1 88 19 7 0 0 10 8 2 0 0 0 0 0.0
1 0 1 2 1 1 72 0 0 0 0 15 1 0 10 0 3 0 33 0 33 0 0 0 0 0.0
30 0 1 1 0 1 131 0 0 0 0 8 1 95 23 11 0 0 31 21 10 0 0 0 0 0.0
6 0 6 76 0 7 137 0 0 1 0 16 1 73 33 1 2 0 25 3 22 0 0 1 0 0.0
5 0 2 27 0 2 116 0 0 0 0 9 2 40 24 0 2 0 15 0 15 0 0 0 0 0.0
9 0 3 9 0 3 137 1 0 1 0 10 2 82 34 1 3 0 20 1 19 1 0 1 0 0.0
17 0 2 12 0 2 161 0 0 1 0 16 1 87 24 5 6 0 40 21 19 0 0 1 0 0.0
18 0 1 20 0 2 96 1 0 0 0 9 1 65 28 6 0 0 28 15 13 1 0 0 0 0.0
16 0 2 11 0 2 230 0 0 0 0 19 1 76 42 1 0 0 31 2 29 0 0 0 0 0.0
21 0 5 43 4 9 308 0 1 1 0 39 1 84 63 4 6 0 55 11 44 0 1 1 0 0.0
20 0 1 9 1 1 86 0 0 1 0 14 3 53 19 1 1 0 24 1 23 0 0 1 0 0.0
109 275 253 2102 128 385 25603 0 2 1 1 2127 170 60 9 87 78 2097 6652 1080 5572 0 0 1 1 0.426
108 3 6 53 1 9 413 0 0 1 0 54 7 71 13 16 5 4 185 105 80 0 0 1 1 0.426
107 0 2 16 0 2 24 0 0 1 0 4 1 62 6 4 6 0 60 8 52 0 0 1 0 0.0
106 2 4 66 1 6 468 0 2 1 0 45 2 94 94 8 5 3 83 33 50 0 2 1 0 0.062
105 0 1 3 0 3 822 0 0 1 0 46 2 93 213 2 7 6 120 6 114 0 0 1 0 0.09
103 0 1 4 0 1 13 0 0 1 0 4 1 0 2 3 2 0 19 6 13 0 0 1 0 0.0
102 0 1 2 0 1 164 0 0 1 0 30 2 86 37 2 4 0 63 11 52 0 0 1 1 0.426
101 0 16 94 12 22 2261 0 0 1 0 115 3 79 83 5 13 47 295 43 252 0 0 1 1 0.426
100 9 9 90 0 9 3527 0 2 0 0 156 15 87 49 3 0 47 665 224 441 0 2 0 0 0.248
96 4 6 36 5 16 1334 0 0 1 0 69 5 88 95 1 5 72 247 3 244 0 0 1 0 0.37
95 2 10 49 4 10 397 0 0 1 0 36 5 78 18 12 3 23 240 42 198 0 0 1 0 0.133
93 41 47 553 8 53 1827 0 0 1 0 167 10 86 44 7 11 65 373 41 332 0 0 1 1 0.289
91 0 2 21 1 2 153 0 0 1 0 16 1 65 28 2 1 2 57 4 53 0 0 1 0 0.063
90 0 1 9 1 1 157 0 0 1 0 25 3 71 26 1 3 2 40 1 39 0 0 1 1 0.426
88 0 6 74 0 7 764 0 0 1 0 17 1 79 56 3 6 39 136 21 115 0 0 1 0 0.313
89 0 2 6 0 2 120 0 0 0 0 5 1 71 11 1 0 8 21 2 19 0 0 0 0 0.432
78 0 6 52 4 6 189 0 0 1 0 20 1 82 36 1 4 2 32 10 22 0 0 1 0 0.145
114 0 2 21 1 2 97 1 0 1 0 10 1 83 17 5 2 31 153 65 88 1 0 1 0 0.27
115 2 2 40 2 2 335 0 2 1 0 45 2 89 42 1 7 24 244 14 230 0 0 1 1 0.426
113 6 18 132 16 18 1593 0 0 1 0 91 4 87 127 12 7 15 250 86 164 0 0 1 0 0.114
111 19 47 310 19 62 4853 0 2 1 1 442 17 85 94 19 25 165 1056 100 956 0 0 1 1 0.426
86 0 1 12 0 1 123 0 0 1 0 14 1 76 23 2 1 4 26 7 19 0 0 1 0 0.235
87 0 7 45 10 10 884 0 2 1 0 55 1 90 107 5 8 43 319 39 280 0 2 1 0 0.212
84 0 1 10 0 1 686 0 2 0 0 22 1 90 183 2 0 5 63 8 55 0 2 1 0 0.44
67 0 1 11 0 1 75 0 0 0 0 12 1 77 17 0 5 2 19 0 19 0 0 0 0 0.174
66 0 1 8 0 1 190 1 1 1 0 14 1 50 60 2 3 4 29 4 25 1 1 1 0 0.205
69 0 1 10 0 1 29994 0 2 0 0 0 1 0 0 1 2 1192 4795 5 4790 0 2 1 0 0.409
71 0 5 73 2 6 1023 1 0 1 0 27 1 96 151 23 3 29 216 168 48 1 0 1 0 0.215
73 0 1 11 1 1 203 0 0 1 0 22 1 76 31 2 8 6 49 3 46 0 0 1 0 0.197
74 0 1 13 0 1 153 0 1 1 0 17 2 61 19 1 1 4 31 3 28 0 1 1 0 0.143
75 0 2 38 0 3 171 0 2 1 0 7 2 60 8 2 4 2 29 2 27 0 2 1 0 0.118
59 0 1 2 0 1 216 1 0 1 0 13 1 70 45 3 2 2 34 12 22 1 0 1 0 0.105
56 0 3 21 3 3 410 0 2 1 0 32 1 88 35 2 5 7 97 11 86 0 2 1 0 0.116
55 0 5 72 0 6 597 0 0 1 0 3 1 78 2 3 8 7 87 22 65 0 0 1 0 0.135
64 0 5 36 0 6 328 0 0 1 0 23 1 89 69 1 2 6 57 7 50 0 0 1 0 0.15
65 0 2 27 0 2 70 0 0 1 0 5 1 63 14 1 2 2 13 1 12 0 0 1 0 0.235
62 0 1 7 0 2 138 0 0 1 0 18 1 69 26 1 4 2 49 1 48 0 0 1 0 0.075
61 0 2 27 1 2 372 0 0 1 0 11 1 86 25 5 1 8 80 23 57 0 0 1 0 0.167
49 0 1 11 0 1 53 0 0 1 0 5 1 72 12 2 3 2 16 6 10 0 0 1 0 0.2
48 0 7 88 2 8 390 0 0 1 0 33 1 90 59 2 8 8 64 2 62 0 0 1 0 0.178
44 0 3 17 2 3 110 1 0 1 0 12 2 50 21 1 3 0 17 1 16 1 0 1 0 0.0
47 0 2 24 1 3 232 0 0 1 0 23 1 85 36 1 8 5 55 1 54 0 0 1 0 0.154
52 0 5 38 2 10 308 0 1 1 0 30 1 86 71 6 4 4 76 26 50 0 1 1 0 0.094
53 0 3 3 0 3 163 0 2 0 0 16 1 47 30 1 0 2 26 1 25 0 0 1 1 0.289
54 0 8 66 0 10 460 0 0 1 0 34 1 86 75 1 7 4 52 3 49 0 0 1 0 0.131
50 0 3 23 3 4 400 0 2 1 0 88 1 81 83 3 8 2 123 14 109 0 2 1 0 0.029

