78 37 38 549 12 66 1689 0 0 1 1 287 52 0 1 53 34 372 1909 636 1273 0 1 1 1 0.179
77 73 64 648 49 106 6142 0 0 1 1 717 39 93 100 26 28 211 1390 144 1246 0 1 1 1 0.141
35 0 3 20 3 3 493 0 0 1 0 38 2 95 101 1 11 0 52 1 51 0 0 1 0 0.0
36 0 1 27 0 1 15 1 0 1 0 2 1 0 4 8 2 0 13 9 4 1 0 1 0 0.0
34 0 1 17 0 1 587 1 0 0 0 11 1 79 131 1 0 0 4 4 0 1 0 0 0 0.0
39 0 1 20 0 4 54 0 1 1 0 15 2 37 8 1 7 0 27 1 26 0 1 1 0 0.105
38 0 1 7 0 1 109 0 1 1 0 12 1 90 30 12 2 0 50 31 19 0 1 1 0 0.0
40 0 2 21 2 5 129 0 0 1 0 22 3 52 23 6 6 0 45 8 37 0 0 1 0 0.0
67 0 2 23 0 4 177 0 0 1 0 28 1 88 30 14 1 5 80 44 36 0 0 1 0 0.105
22 0 2 23 0 3 18 0 0 1 0 3 2 66 5 1 2 0 9 1 8 0 0 1 0 0.0
23 0 1 27 0 2 104 0 1 1 0 11 2 86 27 1 1 0 19 1 18 0 1 1 0 0.0
26 0 1 8 1 1 69 0 0 1 0 8 1 81 16 9 1 0 36 24 12 0 0 1 0 0.0
27 0 2 30 0 2 15 0 0 1 0 2 1 0 4 13 2 0 72 67 5 0 0 1 0 0.0
28 0 2 31 2 2 126 0 0 1 0 7 1 89 29 7 6 0 26 10 16 0 0 1 0 0.0
29 0 3 23 0 4 228 0 0 1 0 30 2 78 43 2 5 0 53 2 51 0 0 1 0 0.027
6 0 2 47 0 2 51 0 0 1 0 10 1 62 11 3 2 0 18 5 13 0 0 1 0 0.0
71 0 2 31 0 2 80 0 1 1 0 12 1 0 5 6 7 10 130 8 122 0 0 1 0 0.203
73 0 5 12 3 11 462 0 0 1 0 43 2 86 100 4 10 10 107 4 103 0 0 1 0 0.239
74 4 6 108 2 6 131 0 1 1 0 70 5 0 4 8 12 6 128 16 112 0 1 1 0 0.012
76 0 2 44 1 2 22 0 0 1 0 7 1 50 6 5 5 0 45 9 36 0 0 1 0 0.0
59 8 10 121 0 18 113 0 0 1 1 28 17 75 3 31 4 5 482 210 272 0 0 1 1 0.116
57 0 4 62 3 4 182 0 0 1 0 12 1 90 31 4 5 4 43 18 25 0 0 1 0 0.145
19 0 2 3 0 2 186 1 0 1 0 11 1 90 49 2 2 0 18 2 16 1 0 1 0 0.0
55 0 1 4 0 2 226 0 1 1 0 0 2 0 0 1 2 14 29 1 28 0 1 1 0 0.471
13 0 1 20 1 2 104 0 0 1 0 13 2 65 22 4 5 0 23 5 18 0 1 1 0 0.105
21 0 5 41 5 9 331 0 0 1 0 103 1 82 67 8 14 0 119 9 110 0 0 1 1 0.0
64 5 5 70 0 6 555 0 0 0 0 74 2 81 55 1 0 0 4 4 0 0 0 0 0 0.0
65 4 7 100 7 14 630 0 0 1 0 60 2 61 42 4 13 19 201 14 187 1 0 1 0 0.146
63 8 8 128 0 16 172 0 0 1 0 22 8 0 6 1 1 2 30 4 26 0 0 1 0 0.061
60 0 2 31 3 2 231 0 0 1 1 39 2 50 13 1 17 18 146 1 145 0 0 1 1 0.181
49 0 2 31 0 2 48 0 1 1 0 4 1 40 5 6 1 2 18 12 6 0 1 1 0 0.174
48 0 2 7 1 2 72 0 0 1 0 4 1 79 19 6 2 5 23 10 13 0 0 1 0 0.17
44 0 1 24 0 2 86 0 0 1 0 37 1 83 15 3 11 2 47 4 43 0 0 1 0 0.071
47 0 1 8 1 1 94 0 1 1 0 31 1 70 16 7 8 4 47 9 38 0 1 1 0 0.133
10 0 3 31 5 3 41 0 1 1 0 13 1 0 8 1 7 0 19 1 18 0 1 1 1 0.0
52 0 7 83 4 11 236 0 0 1 0 18 1 91 68 15 3 4 78 47 31 0 0 1 1 0.067
50 0 17 113 5 27 2589 0 0 1 1 141 2 91 502 3 36 7 170 4 166 0 0 1 1 0.067
