35 0 1 4 0 1 143 1 1 1 0 24 1 80 24 4 4 0 51 8 43 1 1 1 0 0.0
158 3 11 108 1 12 1699 0 0 1 1 181 11 77 35 40 31 115 1103 225 878 0 0 1 1 0.308
155 0 2 4 0 2 54 0 1 1 0 3 2 83 13 20 13 16 366 76 290 0 0 1 1 0.308
152 0 1 21 0 1 121 0 0 1 0 8 1 90 33 11 7 0 40 13 27 0 0 1 0 0.0
150 0 2 48 0 3 288 1 1 1 0 26 2 80 38 24 6 2 116 69 47 1 1 1 0 0.017
22 0 2 38 0 2 120 0 1 1 0 13 2 84 33 7 7 0 26 8 18 0 1 1 0 0.11
24 0 1 4 0 2 32 0 1 1 0 6 1 62 8 7 2 0 17 11 6 0 1 1 1 0.03
27 0 1 13 0 1 53 0 0 0 0 3 1 0 0 0 0 0 4 0 4 0 0 0 0 0.0
28 0 1 13 0 1 177 0 0 1 0 13 1 92 42 8 4 0 30 14 16 0 0 1 0 0.035
29 0 1 17 0 1 275 0 0 0 0 8 1 85 69 2 0 0 2 2 0 0 0 0 0 0.0
30 0 4 50 0 11 585 0 0 1 1 179 1 89 102 12 31 0 207 20 187 0 0 1 1 0.0
19 0 1 11 0 1 127 1 0 1 0 9 1 85 30 7 2 0 25 10 15 1 0 1 0 0.0
11 0 2 32 0 4 291 0 1 1 1 61 1 90 38 1 25 0 72 1 71 0 1 1 0 0.0
21 0 1 13 0 1 144 1 0 1 0 7 1 92 39 5 2 0 20 8 12 1 0 1 0 0.0
107 0 1 13 0 2 439 0 0 1 0 16 1 100 10 4 14 12 157 13 144 0 0 1 0 0.127
105 0 1 8 0 1 260 0 0 1 0 25 1 0 17 2 17 20 143 2 141 0 0 1 0 0.2
104 0 16 131 3 17 4873 0 0 1 1 190 2 94 844 2 62 11 227 2 225 0 0 1 1 0.096
102 0 2 48 0 3 102 0 1 1 0 33 1 75 17 11 11 4 53 13 40 0 1 1 0 0.123
100 0 5 40 1 8 678 0 0 1 0 41 1 90 153 6 11 4 84 13 71 0 0 1 1 0.132
98 0 1 2 0 1 600 0 0 1 0 48 2 90 110 4 11 6 76 8 68 0 0 1 0 0.084
89 0 2 31 0 2 692 0 0 1 1 29 1 95 169 34 6 6 156 107 49 0 0 1 1 0.065
114 2 3 58 2 3 377 0 0 1 0 51 3 82 17 8 11 1 87 10 77 0 0 1 0 0.02
115 2 2 19 2 4 446 0 0 0 0 38 1 87 106 1 0 0 3 3 0 0 0 0 0 0.0
112 2 4 34 0 4 812 0 0 1 0 57 5 79 32 11 11 5 98 19 79 0 0 1 0 0.093
110 0 1 27 0 1 282 0 0 1 0 32 2 96 64 1 8 2 46 1 45 0 0 1 0 0.075
118 3 4 28 2 6 533 0 1 1 0 55 5 77 27 2 10 14 201 5 196 0 1 1 0 0.093
126 0 3 21 0 3 402 0 0 1 0 29 4 83 87 6 13 8 102 19 83 0 0 1 0 0.225
127 5 7 82 0 7 142 0 0 1 1 17 12 0 7 83 31 117 2298 1457 841 0 0 1 1 0.079
68 0 3 59 1 3 175 0 1 1 0 19 1 93 45 20 8 0 77 51 26 0 1 1 0 0.11
121 0 2 25 0 2 29 0 1 1 0 15 1 0 4 1 14 1 127 6 121 0 1 1 0 0.014
73 0 1 27 1 1 146 0 1 1 0 6 1 78 14 7 6 2 39 11 28 0 1 1 0 0.075
135 9 15 195 0 17 1189 0 0 1 1 113 16 92 15 88 48 258 2781 948 1833 0 0 1 1 0.308
133 2 2 16 0 2 49 0 1 1 0 26 2 40 5 11 19 1 143 41 102 0 1 1 0 0.0
136 0 3 52 1 5 630 0 0 1 1 61 1 94 97 4 24 16 212 9 203 0 0 1 0 0.131
55 0 1 21 1 1 231 1 0 1 0 14 1 92 59 3 2 0 21 3 18 1 0 1 0 0.0
137 0 2 14 0 2 152 0 1 1 0 38 3 88 9 17 20 21 278 38 240 0 0 1 1 0.308
65 0 9 56 3 11 587 0 0 1 0 47 2 95 117 3 16 0 65 3 62 0 0 1 1 0.034
143 54 65 644 20 80 6968 0 0 1 1 672 25 66 31 51 63 149 1507 290 1217 0 0 1 1 0.308
54 0 1 7 1 2 55 0 0 1 0 9 1 80 9 5 2 0 26 14 12 0 0 1 0 0.0
140 0 1 2 0 1 93 0 1 1 0 7 1 0 5 1 10 27 146 4 142 0 1 1 0 0.253
142 0 1 1 0 1 263 0 0 1 0 12 2 100 13 2 10 26 169 15 154 0 0 1 0 0.247
141 2 4 63 1 5 352 0 1 1 1 39 3 89 64 34 10 5 302 128 174 0 0 1 1 0.308
