24 0 1 10 0 3 51 0 0 0 0 1 1 12 14 1 1 0 5 1 4 0 0 0 0 0.0
25 0 1 10 0 3 36 0 1 0 0 0 1 25 8 2 0 0 4 3 1 0 1 0 0 0.0
27 0 6 26 3 10 505 0 0 1 1 153 1 89 98 11 28 0 179 18 161 0 0 1 1 0.0
28 0 1 7 0 2 218 0 0 1 0 17 1 74 48 5 3 0 25 7 18 0 0 1 0 0.0
0 0 1 6 0 3 70 0 1 1 0 8 1 66 19 4 5 0 13 4 9 0 1 1 0 0.0
32 0 2 33 0 5 93 1 1 1 0 19 1 71 16 4 2 0 39 7 32 1 1 1 0 0.0
8 0 2 28 2 7 187 0 1 1 1 58 1 0 30 1 18 0 65 1 64 0 1 1 1 0.0
18 0 2 28 1 5 52 0 1 1 0 6 2 78 16 4 3 0 13 4 9 0 1 1 0 0.0
21 0 3 63 0 6 164 0 0 1 0 14 1 93 42 4 6 0 22 4 18 0 0 1 1 0.165
109 4 4 80 0 8 132 0 1 1 0 40 9 0 7 7 7 23 194 49 145 0 1 1 0 0.183
106 0 1 20 0 2 105 0 0 1 0 13 3 67 22 3 6 0 31 4 27 0 0 1 0 0.14
105 0 2 26 0 3 705 0 0 0 0 16 1 91 178 5 0 0 13 13 0 0 0 1 1 0.099
104 3 1 9 2 4 233 0 0 0 0 31 1 81 59 1 0 0 2 2 0 0 0 0 0 0.0
103 0 4 63 2 12 290 0 0 1 0 43 3 68 38 3 7 1 74 3 71 0 0 1 0 0.022
102 4 5 77 0 14 610 0 0 1 0 52 5 92 111 10 9 3 82 14 68 0 0 1 0 0.093
100 0 3 56 1 7 250 0 0 1 0 27 2 100 54 1 5 2 42 1 41 0 0 1 0 0.08
97 0 2 22 2 5 399 0 0 1 0 15 1 100 8 4 10 12 157 13 144 0 0 1 0 0.133
95 0 16 140 3 26 4007 0 0 1 1 173 2 93 752 3 45 7 199 3 196 0 0 1 1 0.088
88 0 1 9 0 5 305 0 0 1 0 52 1 50 40 1 16 13 91 1 90 0 0 1 1 0.182
89 0 2 22 0 6 538 0 0 1 0 48 2 90 110 4 8 6 73 5 68 0 0 1 0 0.136
79 0 1 20 0 3 264 0 0 1 0 8 1 50 6 1 2 8 51 2 49 0 0 1 0 0.232
117 0 4 32 0 12 93 0 0 1 0 7 4 50 5 9 4 0 58 14 44 0 0 1 1 0.092
113 2 2 14 0 4 85 0 0 1 0 22 2 0 8 11 5 13 159 55 104 0 0 1 0 0.141
118 0 1 7 0 2 25 0 0 1 0 3 1 0 6 3 2 0 110 8 102 0 0 1 0 0.0
80 0 4 43 1 9 604 0 0 1 1 30 1 94 154 23 3 6 130 81 49 0 0 1 1 0.071
81 0 2 18 0 5 96 1 1 1 0 23 1 75 9 2 6 7 55 2 53 1 1 1 0 0.203
84 0 2 7 0 5 115 1 0 1 0 9 1 0 3 2 8 5 39 2 37 1 0 1 0 0.204
69 0 1 20 0 2 200 0 0 1 0 20 1 88 41 3 6 8 50 16 34 0 0 1 0 0.136
123 4 4 56 0 10 281 0 0 1 1 64 2 100 4 5 28 50 509 8 501 0 0 1 1 0.182
70 0 1 13 0 1 50 0 0 0 0 1 1 0 0 1 0 2 10 1 9 0 0 0 0 0.286
75 0 1 7 0 2 221 0 0 1 0 21 1 78 44 2 2 2 27 2 25 0 0 1 0 0.129
132 2 2 14 0 4 219 0 0 1 0 20 2 78 35 6 7 16 108 17 91 0 0 1 0 0.229
59 0 8 90 1 12 423 0 0 1 0 37 2 96 84 2 12 0 51 2 49 0 0 1 0 0.0
139 0 7 36 3 13 597 0 0 1 1 92 2 0 8 3 19 17 241 9 232 0 0 1 1 0.131
55 0 3 29 0 6 184 0 0 1 0 12 1 92 42 11 10 0 50 23 27 0 0 1 0 0.0
137 6 8 93 3 27 314 0 1 1 1 78 10 100 7 20 16 22 264 41 223 0 1 1 0 0.131
62 0 4 43 1 7 163 0 1 1 0 20 1 93 43 14 3 0 68 42 26 0 1 1 0 0.0
60 0 1 6 0 3 15 1 0 1 0 2 1 0 4 8 1 0 13 9 4 1 0 1 0 0.0
48 0 1 1 0 3 73 0 1 1 0 7 1 67 17 1 2 0 15 1 14 0 0 1 0 0.156
46 0 3 40 1 6 206 0 0 1 0 20 1 77 38 2 4 0 33 4 29 0 0 1 0 0.0
51 0 2 43 0 4 38 0 0 0 0 2 1 66 9 3 0 0 8 3 5 0 0 1 0 0.0
50 0 1 13 0 3 225 1 0 1 0 14 1 92 59 3 2 0 21 3 18 1 0 1 0 0.0
