34 0 1 6 0 1 61 0 1 1 0 30 1 0 6 1 15 0 36 1 35 0 0 1 1 0.124
43 0 1 1 0 1 53 0 0 1 0 9 1 75 8 7 2 0 23 11 12 0 0 1 0 0.0
24 0 1 10 2 8 420 0 0 1 1 136 1 84 78 10 24 0 156 12 144 0 0 1 1 0.0
7 0 1 15 0 2 186 0 1 1 1 58 1 0 30 1 20 0 64 1 63 0 1 1 1 0.0
30 0 3 24 1 3 123 1 1 1 0 21 1 77 24 5 3 0 41 7 34 1 1 1 0 0.0
5 0 1 4 0 1 112 0 0 1 0 25 1 73 16 2 9 0 36 2 34 0 0 1 0 0.0
9 0 3 17 0 3 92 0 0 1 0 12 1 90 23 6 3 0 25 10 15 0 0 1 0 0.0
15 0 3 31 0 3 88 1 0 1 0 4 1 92 25 4 2 0 10 4 6 1 0 1 0 0.0
16 0 2 13 0 2 70 0 1 1 0 6 1 62 18 6 2 0 15 6 9 0 0 1 1 0.263
20 0 3 44 1 3 123 0 0 1 0 12 1 91 34 3 6 0 17 3 14 0 0 1 0 0.0
109 0 1 3 0 1 29 0 1 1 0 2 1 57 7 12 5 0 52 19 33 0 1 1 1 0.119
107 0 3 24 1 3 459 0 0 1 1 53 1 91 70 4 24 16 200 9 191 0 0 1 1 0.124
106 0 1 5 0 1 29 0 0 1 0 1 1 62 8 4 2 0 21 4 17 0 0 1 0 0.0
104 4 4 44 0 4 280 0 0 1 0 24 12 50 15 3 3 0 110 8 102 0 0 1 0 0.0
103 0 1 6 0 1 80 0 0 1 0 12 1 0 5 5 6 8 63 5 58 0 0 1 0 0.244
102 0 1 19 0 1 156 0 0 1 0 15 1 89 36 17 12 11 171 44 127 0 0 1 1 0.172
100 0 1 19 0 1 47 0 0 1 0 4 3 100 13 2 3 0 44 9 35 0 0 1 0 0.0
96 2 2 4 0 2 289 0 0 1 0 20 2 0 11 2 7 14 104 14 90 0 0 1 0 0.189
95 0 1 19 1 1 30 0 1 1 0 3 2 0 7 7 6 11 155 42 113 0 1 1 0 0.192
91 0 2 43 2 2 286 0 0 1 0 41 3 73 14 3 10 1 73 3 70 0 0 1 0 0.026
90 0 6 50 0 6 454 0 0 1 0 41 5 100 7 8 9 3 70 13 57 0 0 1 0 0.068
88 0 1 19 0 1 248 0 0 1 0 16 1 92 36 5 7 6 71 34 37 0 0 1 0 0.143
89 0 1 24 1 1 242 0 0 1 0 26 2 100 51 1 6 2 42 1 41 0 0 1 0 0.087
117 38 39 484 13 42 1057 0 1 1 1 148 38 0 0 83 41 302 2769 966 1803 0 0 1 1 0.263
78 0 2 30 0 3 501 0 0 1 0 45 2 89 108 3 9 4 66 3 63 0 0 1 0 0.141
114 23 29 309 15 37 3168 0 1 1 1 396 24 86 86 48 32 122 1486 321 1165 0 0 1 1 0.199
115 13 22 202 25 33 3644 0 0 1 1 315 11 93 100 19 35 66 767 70 697 0 0 1 1 0.199
112 2 2 48 0 2 62 0 1 1 0 14 4 75 4 11 6 0 84 17 67 0 0 1 1 0.263
113 0 1 19 0 1 38 0 0 1 0 4 1 70 12 12 4 9 88 64 24 0 0 1 0 0.167
118 0 1 15 2 1 130 0 1 1 0 24 2 70 29 1 10 0 52 2 50 0 1 1 0 0.041
82 0 1 6 0 1 48 0 1 1 0 4 1 40 5 7 2 2 19 13 6 0 1 1 0 0.148
83 0 13 80 9 17 3262 0 0 1 1 165 2 93 606 3 52 7 195 4 191 0 0 1 1 0.066
87 0 1 11 1 1 194 0 1 1 0 0 2 0 0 1 4 12 27 1 26 0 1 1 0 0.462
125 0 1 7 1 1 104 0 0 1 0 7 1 89 29 9 6 0 36 13 23 0 1 1 0 0.041
127 0 1 1 0 1 14 0 0 1 1 0 2 50 3 83 12 107 1634 1080 554 0 0 1 1 0.263
121 0 1 6 0 1 17 0 0 1 1 17 1 0 2 11 20 17 190 34 156 0 0 1 0 0.229
122 2 5 55 1 5 799 0 0 1 1 140 3 66 19 3 33 40 363 5 358 0 0 1 1 0.164
129 0 3 16 0 3 29 0 0 1 0 12 1 37 8 4 7 0 45 6 39 0 0 1 0 0.0
71 0 3 38 1 3 383 0 0 1 1 22 1 92 104 25 4 4 111 74 37 0 0 1 1 0.085
120 0 2 25 1 2 102 0 1 1 0 14 3 74 14 5 7 3 58 8 50 0 1 1 1 0.143
72 0 2 4 0 2 49 0 1 0 0 4 1 75 8 1 0 2 10 3 7 0 1 0 0 0.25
73 0 1 11 1 1 194 0 0 1 0 0 2 0 0 1 4 12 27 1 26 0 0 1 0 0.462
75 0 1 10 0 1 95 0 0 1 0 39 1 83 17 6 14 2 52 7 45 0 0 1 0 0.067
76 0 1 2 0 1 99 0 0 0 0 10 1 60 23 4 0 2 25 6 19 0 0 1 0 0.125
58 0 4 24 0 4 199 1 0 1 0 22 1 82 26 1 9 2 57 1 56 1 1 1 0 0.111
57 0 1 24 0 1 122 0 0 1 0 22 3 56 19 7 6 0 48 13 35 0 0 1 1 0.199
56 0 2 26 1 2 109 0 1 1 0 13 1 90 30 15 4 0 60 40 20 0 1 1 0 0.0
63 0 1 19 1 1 200 0 0 1 0 20 1 88 41 3 7 8 50 16 34 0 0 1 0 0.242
60 0 1 12 0 1 80 0 1 1 0 6 2 83 20 3 3 5 19 5 14 0 1 1 0 0.333
61 0 1 2 0 1 139 0 1 1 0 11 1 0 11 1 5 12 51 1 50 0 1 1 0 0.267
49 0 2 25 0 2 173 0 0 1 0 9 1 92 40 10 12 0 43 19 24 0 0 1 0 0.0
45 0 1 10 0 1 204 1 0 1 0 11 1 91 54 3 2 0 19 3 16 1 0 1 0 0.0
53 0 5 47 4 6 567 0 0 1 0 47 2 95 116 2 16 0 63 2 61 0 0 1 0 0.0
50 0 2 23 0 2 216 0 0 1 0 14 3 80 62 1 1 0 19 2 17 0 0 1 0 0.0
