109 1 3 0 19 1 18
108 3 1 0 13 3 10
107 1 4 0 30 1 29
106 3 1 0 20 4 16
105 1 2 0 26 1 25
104 1 3 0 36 1 35
103 7 3 0 36 24 12
102 1 2 0 28 1 27
101 1 1 0 16 1 15
100 1 1 0 8 1 7
99 6 3 0 54 10 44
98 3 1 0 13 4 9
97 3 1 0 6 3 3
96 1 4 0 26 1 25
95 0 1 0 14 0 14
94 1 4 0 19 1 18
93 4 1 0 12 5 7
92 12 2 0 59 36 23
91 3 6 0 47 3 44
90 0 2 0 10 0 10
199 16 16 12 264 34 230
198 2 3 3 50 5 45
197 3 6 0 27 3 24
196 10 9 6 171 18 153
195 7 14 18 212 15 197
194 1 10 0 56 2 54
193 18 1 0 52 39 13
192 1 8 4 79 2 77
191 9 4 3 91 18 73
190 1 7 0 63 1 62
89 1 3 0 38 2 36
88 1 0 0 3 1 2
87 2 4 0 25 3 22
86 2 5 0 17 2 15
85 1 0 0 15 1 14
84 2 2 0 5 2 3
83 0 2 0 7 0 7
82 25 3 0 91 57 34
81 2 1 0 5 2 3
80 1 3 0 22 1 21
222 5 11 4 110 8 102
221 11 3 0 61 14 47
189 1 3 10 45 2 43
220 4 2 1 57 4 53
188 5 5 15 122 11 111
187 4 5 0 45 10 35
186 1 5 0 61 2 59
185 1 2 3 26 1 25
184 1 5 2 41 2 39
183 2 4 0 44 5 39
182 6 5 29 142 15 127
181 1 1 10 59 1 58
180 32 2 9 163 74 89
79 1 1 0 17 2 15
78 25 20 0 212 110 102
77 5 0 0 22 8 14
76 0 2 0 13 0 13
75 0 5 0 25 0 25
74 9 1 0 52 17 35
73 1 2 0 14 3 11
72 1 1 0 19 5 14
71 1 2 0 34 2 32
70 1 3 0 11 1 10
219 5 7 2 79 11 68
218 12 2 2 97 19 78
217 4 4 3 241 7 234
216 3 5 10 108 5 103
215 9 15 46 431 28 403
214 1 2 2 38 1 37
213 20 19 6 330 51 279
212 197 115 2346 7824 2485 5339
211 17 17 17 350 45 305
179 9 5 0 101 26 75
210 0 6 10 85 0 85
178 3 10 6 81 4 77
177 2 6 11 133 4 129
176 3 3 1 46 10 36
175 1 3 0 24 2 22
174 1 2 0 28 1 27
173 2 5 0 25 4 21
172 3 3 1 24 5 19
171 1 8 0 36 1 35
170 1 5 0 28 1 27
69 2 2 0 24 2 22
68 0 2 0 12 0 12
67 1 0 0 4 1 3
66 5 0 0 15 6 9
65 1 2 0 26 1 25
64 0 0 0 2 0 2
63 1 8 0 16 1 15
62 13 3 0 54 30 24
61 0 4 0 38 0 38
60 1 6 0 12 2 10
209 6 7 2 91 11 80
208 3 2 0 29 4 25
207 5 3 3 37 6 31
206 7 10 11 134 12 122
205 4 11 1 143 7 136
204 1 5 7 62 2 60
203 0 3 0 22 0 22
202 2 5 4 73 2 71
201 71 18 2 400 251 149
169 2 4 0 15 2 13
200 2 4 1 36 6 30
168 4 3 0 27 5 22
167 1 4 0 59 2 57
166 1 3 0 39 4 35
165 1 6 23 68 6 62
164 6 1 2 29 14 15
163 10 0 2 31 13 18
162 1 4 2 26 1 25
161 1 4 5 34 2 32
160 1 1 14 43 1 42
59 1 4 0 25 4 21
58 1 3 0 15 2 13
57 1 3 0 19 1 18
56 5 8 0 53 7 46
55 1 3 0 36 2 34
54 2 0 0 8 2 6
53 0 3 0 27 0 27
52 4 0 0 13 4 9
51 1 0 0 12 2 10
50 2 5 0 40 4 36
159 1 0 2 24 1 23
158 3 4 2 34 4 30
157 11 4 82 355 28 327
156 2 6 10 44 3 41
155 11 5 44 155 18 137
154 1 8 2 50 1 49
153 5 7 2 53 7 46
152 2 3 4 56 7 49
151 1 2 2 42 2 40
150 1 4 5 25 1 24
49 1 1 0 17 2 15
48 2 8 0 26 3 23
47 5 3 0 39 12 27
46 1 9 0 31 2 29
45 2 0 0 8 5 3
44 1 6 0 36 1 35
43 1 1 0 17 1 16
42 4 3 0 15 5 10
41 3 6 0 41 4 37
40 1 1 0 6 1 5
149 1 4 2 24 1 23
148 1 8 2 33 1 32
147 2 2 2 34 3 31
146 1 2 13 59 1 58
145 3 7 30 131 6 125
144 7 1 2 34 9 25
143 4 2 2 27 4 23
142 1 3 12 62 1 61
141 1 4 2 32 1 31
140 4 6 2 31 10 21
39 1 1 0 17 1 16
38 1 4 0 10 1 9
37 1 7 0 38 1 37
36 0 1 0 10 0 10
35 5 1 0 22 5 17
34 1 2 0 21 1 20
33 1 3 0 22 1 21
32 5 3 0 34 10 24
31 1 1 0 9 1 8
30 2 2 0 15 3 12
139 3 4 2 29 5 24
138 4 3 36 165 14 151
137 1 1 2 29 1 28
136 2 1 7 48 5 43
135 2 9 2 74 3 71
134 2 1 2 55 2 53
133 1 1 5 20 1 19
132 1 5 10 76 2 74
131 1 5 2 52 1 51
130 2 10 2 56 2 54
29 2 5 0 24 2 22
28 2 5 0 26 2 24
27 6 2 0 50 8 42
26 2 2 0 19 2 17
25 2 6 0 21 2 19
24 9 9 0 69 24 45
23 1 1 0 6 1 5
22 1 2 0 38 1 37
21 2 0 0 16 3 13
20 1 0 0 10 2 8
9 1 1 0 15 1 14
8 0 2 0 14 0 14
7 1 1 0 10 1 9
129 1 5 8 82 3 79
6 7 8 0 34 8 26
128 2 3 10 32 2 30
5 3 1 0 6 3 3
127 3 9 6 79 3 76
4 4 9 0 32 5 27
126 1 2 4 45 1 44
3 2 1 0 20 4 16
125 2 0 2 18 2 16
2 3 1 0 17 4 13
124 2 5 2 48 2 46
1 1 3 0 37 1 36
123 4 3 4 60 4 56
0 1 4 0 17 2 15
122 1 2 0 37 1 36
121 1 0 0 8 1 7
120 3 1 0 11 5 6
19 3 15 0 90 4 86
18 1 5 0 23 1 22
17 1 1 0 13 1 12
16 5 1 0 18 8 10
15 0 2 0 25 0 25
14 1 2 0 9 1 8
13 2 2 0 20 3 17
12 1 2 0 26 1 25
11 1 1 0 9 1 8
10 14 5 0 60 29 31
119 4 2 0 43 5 38
118 4 4 0 36 8 28
117 9 14 0 66 12 54
116 2 0 0 9 2 7
115 3 2 0 7 5 2
114 2 3 0 35 5 30
113 3 6 0 27 6 21
112 1 7 0 22 1 21
111 3 1 0 19 3 16
110 1 8 0 31 2 29

