329 4 3 4 48 5 43
328 9 10 0 72 12 60
327 3 7 0 38 3 35
326 55 55 55 1627 144 1483
325 3 13 2 80 4 76
324 20 18 24 353 46 307
323 3 9 2 41 3 38
322 16 3 5 115 27 88
289 17 11 3 168 44 124
321 5 15 3 66 6 60
288 1 8 0 35 2 33
320 0 5 0 25 0 25
287 3 8 1 61 4 57
286 3 1 0 25 3 22
285 9 22 1 111 14 97
284 2 9 23 177 13 164
283 4 15 15 247 13 234
282 5 0 0 26 5 21
281 1 10 1 41 2 39
280 13 7 35 180 21 159
319 1 5 0 54 2 52
318 2 8 0 60 2 58
317 2 10 4 76 2 74
316 181 61 102 2369 813 1556
315 95 38 74 1255 308 947
314 3 9 1 44 7 37
313 75 14 31 421 177 244
312 1 7 0 64 2 62
279 168 7 5 1069 1008 61
311 2 3 4 36 5 31
278 5 5 1 16 5 11
310 2 4 0 34 3 31
277 3 5 9 43 4 39
276 0 8 23 141 0 141
275 10 6 2 74 19 55
274 1 8 0 54 2 52
273 1 8 10 147 2 145
272 3 11 2 45 4 41
271 0 3 0 27 0 27
270 2 11 11 135 4 131
309 6 11 0 43 7 36
308 9 16 9 243 17 226
307 14 46 2 361 29 332
306 3 11 2 74 3 71
305 1 5 0 38 2 36
304 5 7 8 56 16 40
303 34 1 0 87 72 15
302 0 7 0 17 0 17
269 1 8 0 34 1 33
301 18 22 30 351 48 303
268 11 10 0 93 28 65
300 7 12 9 130 8 122
267 2 5 0 25 4 21
266 5 10 1 29 8 21
265 2 6 1 46 2 44
264 1 7 0 33 1 32
263 4 0 1 25 7 18
262 2 6 0 16 2 14
261 3 1 0 27 5 22
260 1 8 0 51 2 49
259 2 6 1 33 3 30
258 12 6 1 44 22 22
257 6 3 0 43 9 34
256 1 5 0 43 4 39
255 2 4 0 30 3 27
254 5 7 2 65 7 58
253 21 3 4 79 27 52
252 0 8 4 55 0 55
251 0 8 16 119 0 119
250 1 5 5 17 1 16
249 1 8 7 69 1 68
248 3 14 4 72 4 68
247 1 5 5 38 2 36
246 1 1 16 50 1 49
245 2 5 2 55 3 52
244 3 3 2 43 3 40
243 1 12 19 125 1 124
242 1 4 22 72 1 71
241 7 6 16 102 10 92
240 1 3 5 27 1 26
239 1 5 2 22 1 21
238 5 0 2 17 10 7
237 1 0 2 9 1 8
236 1 9 2 48 1 47
235 3 4 2 15 3 12
234 7 5 36 166 15 151
233 4 6 5 38 4 34
232 1 8 8 65 1 64
231 0 5 5 38 0 38
199 4 2 2 27 4 23
230 1 1 2 19 2 17
198 1 8 12 70 1 69
197 2 7 2 28 2 26
196 1 7 2 50 1 49
195 1 3 2 29 1 28
194 2 15 4 111 3 108
193 1 2 2 15 1 14
192 1 3 2 19 2 17
191 1 1 5 20 1 19
190 1 2 5 25 1 24
229 1 8 2 42 1 41
228 0 6 22 132 0 132
227 3 8 14 128 3 125
226 1 9 2 58 1 57
225 3 9 8 81 3 78
224 0 4 2 32 0 32
223 1 7 7 40 1 39
222 0 0 20 36 0 36
189 1 12 2 30 1 29
221 1 9 2 34 1 33
188 1 9 5 54 2 52
220 3 7 5 50 3 47
187 3 8 2 34 7 27
186 1 3 4 49 1 48
185 2 0 2 18 2 16
184 5 4 0 47 7 40
183 1 6 0 11 1 10
182 5 2 0 9 7 2
181 5 7 0 24 6 18
180 2 9 0 34 5 29
219 3 8 25 89 17 72
218 12 0 2 40 20 20
217 11 4 2 42 25 17
216 1 6 2 24 1 23
215 3 5 2 31 6 25
214 2 0 2 25 2 23
213 2 5 4 45 6 39
212 1 6 2 32 1 31
179 2 2 0 7 2 5
211 1 2 2 47 9 38
178 1 7 0 22 1 21
210 14 10 134 588 27 561
177 2 15 0 30 2 28
176 1 7 0 36 1 35
175 1 6 0 39 1 38
174 2 8 0 29 8 21
173 2 2 0 9 2 7
172 2 2 0 13 4 9
171 1 5 0 18 1 17
170 2 5 0 27 4 23
209 1 3 5 22 1 21
208 0 3 4 21 0 21
207 6 12 12 136 6 130
206 0 2 6 42 0 42
205 1 6 2 31 1 30
204 1 7 2 47 1 46
203 1 2 10 77 1 76
202 1 10 5 42 2 40
169 0 3 0 13 0 13
201 1 4 13 62 1 61
168 1 8 0 28 1 27
200 6 9 32 149 12 137
167 1 7 0 19 1 18
166 3 10 0 53 3 50
165 2 7 0 31 3 28
164 3 5 0 25 3 22
163 1 9 0 40 1 39
162 1 10 0 51 1 50
161 0 4 0 14 0 14
160 3 8 0 28 3 25
159 1 11 0 35 1 34
158 7 4 0 13 8 5
157 1 7 0 21 1 20
156 3 3 0 16 5 11
155 3 0 0 10 3 7
154 2 3 0 23 5 18
153 2 4 0 16 2 14
152 1 2 0 8 1 7
151 2 1 0 16 2 14
150 1 7 0 32 1 31
149 2 8 0 20 2 18
148 1 5 0 29 1 28
147 1 5 0 22 1 21
146 3 5 0 17 4 13
145 3 4 0 36 6 30
144 1 0 0 9 1 8
143 1 8 0 25 1 24
142 1 10 0 16 1 15
141 0 4 0 37 0 37
140 1 6 0 28 6 22
139 1 0 0 16 2 14
138 1 0 0 4 1 3
137 1 17 0 44 2 42
136 1 3 0 38 3 35
135 1 3 0 18 2 16
134 2 12 0 25 3 22
133 1 4 0 19 1 18
132 5 1 0 18 7 11
131 4 6 0 18 6 12
130 0 6 0 32 0 32
129 1 2 0 17 1 16
128 1 7 0 20 1 19
127 0 4 0 20 0 20
126 1 5 0 23 1 22
125 3 10 0 30 4 26
124 1 1 0 29 1 28
123 2 6 0 24 2 22
122 4 3 0 52 7 45
121 5 2 0 20 6 14
120 3 1 0 10 3 7
119 1 7 0 22 1 21
118 2 11 0 30 2 28
117 1 0 0 7 1 6
116 2 2 0 24 2 22
115 3 6 0 16 3 13
114 5 1 0 23 11 12
113 0 2 0 6 0 6
112 0 1 0 12 0 12
111 1 2 0 21 1 20
110 0 8 0 23 0 23
109 1 4 0 11 1 10
108 1 0 0 24 1 23
107 1 0 0 8 1 7
106 1 9 0 25 1 24
105 7 2 0 20 10 10
104 1 5 0 26 1 25
103 2 4 0 23 3 20
102 25 9 0 108 56 52
101 1 7 0 22 1 21
100 1 4 0 17 1 16
99 2 7 0 22 3 19
98 7 11 0 33 8 25
97 3 7 0 28 3 25
96 1 6 0 24 1 23
95 1 5 0 37 1 36
94 6 3 0 13 7 6
93 1 3 0 14 1 13
92 13 19 0 89 18 71
91 1 4 0 14 2 12
90 0 0 0 2 0 2
89 2 9 0 34 2 32
88 5 9 0 55 19 36
87 1 9 0 45 1 44
86 3 1 0 7 3 4
85 1 2 0 10 1 9
84 4 9 0 30 6 24
83 1 1 0 43 1 42
82 2 6 0 12 2 10
81 0 1 0 13 0 13
80 3 1 0 6 3 3
79 1 27 0 98 2 96
78 1 4 0 20 3 17
77 1 10 0 27 1 26
76 1 4 0 36 2 34
75 1 6 0 27 1 26
74 1 5 0 14 1 13
73 2 12 0 31 4 27
72 1 7 0 30 1 29
71 2 2 0 5 2 3
70 1 4 0 17 1 16
69 1 0 0 8 1 7
68 3 7 0 21 4 17
67 1 5 0 24 1 23
66 1 2 0 10 1 9
65 37 28 0 296 169 127
64 2 3 0 23 3 20
63 0 4 0 13 0 13
62 2 5 0 32 2 30
61 17 2 0 65 26 39
60 3 0 0 10 3 7
59 2 7 0 19 4 15
58 3 1 0 25 6 19
57 8 6 0 32 9 23
56 1 3 0 11 1 10
55 1 4 0 25 1 24
54 1 5 0 22 4 18
53 0 2 0 28 0 28
52 2 0 0 8 3 5
51 4 2 0 21 4 17
50 0 8 0 31 0 31
49 1 6 0 13 2 11
48 1 4 0 11 2 9
47 2 5 0 21 2 19
46 7 2 0 20 7 13
45 5 1 0 18 7 11
44 4 10 0 46 5 41
43 3 7 0 32 3 29
42 3 1 0 7 3 4
41 0 5 0 29 0 29
40 4 0 0 13 4 9
39 1 1 0 5 1 4
38 2 0 0 11 3 8
37 2 1 0 4 2 2
36 3 0 0 8 5 3
35 3 8 0 37 4 33
34 1 1 0 11 1 10
33 1 6 0 23 1 22
32 3 8 0 16 3 13
31 1 0 0 7 2 5
30 1 0 0 11 1 10
352 3 10 5 102 3 99
351 45 17 10 376 105 271
350 14 9 4 126 32 94
29 3 9 0 39 3 36
28 1 1 0 6 1 5
27 153 14 0 597 545 52
26 6 1 0 24 7 17
25 1 3 0 20 1 19
24 0 7 0 39 0 39
23 6 4 0 31 10 21
22 0 0 0 2 0 2
21 3 5 0 20 3 17
20 0 5 0 21 0 21
349 16 20 13 302 24 278
9 2 3 0 12 2 10
348 3 12 0 191 8 183
8 2 2 0 8 2 6
347 63 56 46 1271 224 1047
7 2 0 0 6 3 3
346 9 15 4 119 9 110
6 2 7 0 33 3 30
345 1 6 1 45 1 44
5 8 7 0 47 10 37
344 9 14 3 163 15 148
4 1 5 0 25 1 24
343 236 89 330 4731 1638 3093
3 2 2 0 12 2 10
342 271 61 710 5724 2807 2917
2 3 4 0 18 5 13
341 2 8 0 79 2 77
1 1 7 0 51 1 50
340 1 8 2 52 1 51
0 3 2 0 15 4 11
19 2 4 0 19 2 17
18 1 5 0 22 3 19
17 14 12 0 82 31 51
16 1 3 0 7 1 6
15 1 9 0 50 1 49
14 1 0 0 5 2 3
13 3 3 0 11 4 7
12 2 5 0 19 2 17
11 1 8 0 27 4 23
10 1 3 0 25 1 24
339 2 9 1 58 4 54
338 36 24 9 388 89 299
337 13 6 0 82 17 65
336 21 27 15 383 39 344
335 5 10 4 93 5 88
334 1 8 11 69 1 68
333 5 15 0 38 7 31
332 76 52 93 1698 367 1331
299 15 4 0 49 21 28
331 3 3 0 41 4 37
298 1 6 9 71 1 70
330 1 9 4 35 2 33
297 21 18 18 303 44 259
296 3 8 3 72 12 60
295 2 5 0 40 4 36
294 10 11 2 73 17 56
293 1 6 8 123 11 112
292 3 9 0 41 4 37
291 5 8 3 40 7 33
290 2 12 4 108 2 106

