289 14 20 2 264 45 219
288 3 2 0 30 4 26
287 1 6 4 35 2 33
286 4 2 4 50 5 45
285 10 13 16 258 30 228
284 1 2 0 21 4 17
283 3 9 2 81 4 77
282 158 16 11 1100 947 153
281 5 11 3 66 6 60
280 3 0 0 17 4 13
279 3 6 4 63 7 56
278 0 5 0 25 0 25
277 2 7 6 143 8 135
276 1 5 0 51 2 49
275 2 9 8 79 4 75
274 3 7 1 40 7 33
273 6 17 1 333 11 322
272 1 3 0 57 2 55
271 4 6 0 39 7 32
270 6 9 0 35 6 29
305 8 6 0 61 17 44
304 1 2 2 54 1 53
303 7 12 4 117 8 109
302 18 8 5 145 27 118
269 1 9 0 88 1 87
301 1 5 10 100 1 99
268 10 14 28 273 41 232
300 6 9 2 82 9 73
267 7 34 1 312 27 285
266 3 6 2 74 3 71
265 4 11 6 141 4 137
264 2 11 0 56 2 54
263 27 1 0 74 60 14
262 7 9 9 127 8 119
261 13 3 0 48 20 28
260 1 3 6 69 3 66
259 5 2 1 24 8 16
258 18 16 18 292 39 253
257 4 8 2 71 16 55
256 6 1 0 14 8 6
255 5 8 1 116 6 110
254 2 5 0 37 2 35
253 1 11 4 103 2 101
252 1 4 0 35 2 33
251 1 4 10 56 2 54
250 2 6 1 35 3 32
249 1 8 0 72 2 70
248 1 9 1 40 2 38
247 2 6 2 58 6 52
246 7 5 35 174 16 158
245 5 3 1 16 5 11
244 0 8 23 135 0 135
243 1 5 0 54 2 52
242 1 5 10 135 2 133
241 4 2 1 20 8 12
240 1 6 11 121 4 117
239 4 5 1 50 13 37
238 1 3 0 26 2 24
237 1 5 0 30 1 29
236 1 4 0 63 4 59
235 11 7 0 91 30 61
234 2 5 0 28 4 24
233 4 6 1 29 8 21
232 1 7 0 33 1 32
199 3 9 7 97 5 92
231 8 4 1 27 12 15
198 2 5 4 51 4 47
230 0 6 1 21 0 21
197 0 1 6 37 0 37
196 1 5 2 29 1 28
195 1 6 2 47 1 46
194 1 5 2 24 1 23
193 5 9 2 71 9 62
192 1 7 5 45 1 44
191 1 5 2 37 1 36
190 1 4 13 63 1 62
229 2 6 0 16 2 14
228 1 5 0 51 2 49
227 9 6 1 42 20 22
226 3 2 0 43 9 34
225 1 4 0 43 4 39
224 1 0 0 6 2 4
223 3 8 2 65 7 58
222 3 9 23 79 16 63
189 3 7 30 139 9 130
221 9 3 2 38 23 15
188 4 2 2 27 4 23
220 12 0 2 39 20 19
187 1 5 12 67 1 66
186 2 6 2 33 2 31
185 3 4 2 15 3 12
184 4 6 2 31 10 21
183 4 6 4 49 5 44
182 5 6 36 165 14 151
181 1 1 2 19 2 17
180 1 4 2 42 1 41
219 12 3 4 65 16 49
218 0 8 16 119 0 119
217 3 3 2 31 6 25
216 1 6 5 61 1 60
215 3 9 4 69 3 66
214 1 4 5 36 2 34
213 1 1 14 43 1 42
212 0 9 90 146 0 146
179 2 10 4 107 3 104
211 1 0 2 22 1 21
178 1 2 2 14 1 13
210 2 5 2 59 3 56
177 1 1 5 20 1 19
176 1 2 5 24 1 23
175 2 8 10 97 3 94
174 1 8 2 58 1 57
173 2 8 8 81 3 78
172 0 3 2 32 0 32
171 2 6 10 32 2 30
170 4 3 2 24 5 19
209 3 4 2 47 7 40
208 1 1 2 48 9 39
207 119 4 6 382 305 77
206 10 8 124 530 27 503
205 2 6 10 45 3 42
204 1 2 5 22 1 21
203 1 9 19 119 1 118
202 11 6 44 158 18 140
169 1 8 2 34 1 33
201 1 8 5 58 1 57
168 3 8 2 33 6 27
200 5 8 2 54 7 47
167 3 11 6 79 3 76
166 1 3 4 49 1 48
165 2 0 2 18 2 16
164 2 6 4 63 2 61
163 4 6 4 74 5 69
162 6 4 0 48 7 41
161 3 2 0 14 3 11
160 3 3 0 22 4 18
159 2 4 0 26 4 22
158 2 2 0 7 2 5
157 1 4 0 17 1 16
156 1 8 0 22 1 21
155 1 0 0 11 1 10
154 1 8 0 30 2 28
153 1 3 0 16 1 15
152 1 6 0 36 1 35
151 1 3 0 26 1 25
150 1 4 0 37 1 36
149 2 5 0 29 8 21
148 1 6 0 28 1 27
147 1 2 0 16 1 15
146 1 2 0 8 1 7
145 2 0 0 7 5 2
144 2 2 0 13 4 9
143 1 2 0 18 1 17
142 1 7 0 38 1 37
141 1 6 0 18 1 17
140 16 4 0 62 42 20
139 3 10 0 53 3 50
138 2 4 0 31 3 28
137 2 4 0 25 3 22
136 1 4 0 34 1 33
135 2 7 0 21 3 18
134 1 9 0 34 1 33
133 2 2 0 15 4 11
132 2 0 0 9 2 7
131 2 2 0 23 5 18
130 2 3 0 15 2 13
129 1 2 0 8 1 7
128 2 1 0 16 2 14
127 1 5 0 31 1 30
126 2 6 0 20 2 18
125 1 3 0 30 1 29
124 2 3 0 12 2 10
123 2 3 0 15 4 11
122 2 3 0 33 3 30
121 1 0 0 8 1 7
120 0 3 0 12 0 12
119 1 7 0 16 1 15
118 1 4 0 22 1 21
117 0 3 0 36 0 36
116 1 3 0 26 6 20
115 1 0 0 16 2 14
114 1 0 0 4 1 3
113 1 11 0 44 2 42
112 2 3 0 37 3 34
111 2 9 0 25 3 22
110 5 3 0 37 12 25
109 4 1 0 18 7 11
108 4 3 0 18 6 12
107 1 2 0 17 1 16
106 1 5 0 20 1 19
105 2 7 0 41 2 39
104 0 4 0 20 0 20
103 1 6 0 35 1 34
102 1 4 0 23 1 22
101 1 1 0 26 1 25
100 2 4 0 24 2 22
99 4 2 0 20 6 14
98 2 1 0 10 3 7
97 2 7 0 28 2 26
96 1 0 0 7 1 6
95 5 1 0 23 11 12
94 0 1 0 12 0 12
93 1 2 0 21 1 20
92 1 7 0 43 1 42
91 1 0 0 10 2 8
90 1 0 0 8 1 7
89 1 8 0 25 1 24
88 6 2 0 20 10 10
87 0 5 0 25 0 25
86 18 7 0 89 42 47
85 1 4 0 17 1 16
84 1 4 0 23 1 22
83 1 4 0 37 1 36
82 4 2 0 13 7 6
81 1 3 0 14 1 13
80 9 14 0 72 14 58
79 4 8 0 55 19 36
78 1 6 0 44 1 43
77 1 2 0 10 1 9
76 3 6 0 29 6 23
75 0 3 0 21 0 21
74 2 6 0 12 2 10
73 0 1 0 12 0 12
72 3 1 0 6 3 3
71 1 21 0 79 2 77
70 1 4 0 20 3 17
69 1 6 0 27 1 26
68 0 2 0 11 0 11
67 1 3 0 36 2 34
66 1 3 0 14 1 13
65 1 3 0 27 2 25
64 2 10 0 29 3 26
63 2 2 0 5 2 3
62 1 5 0 17 1 16
61 1 0 0 8 1 7
60 2 4 0 21 4 17
59 1 4 0 23 1 22
58 1 2 0 10 1 9
57 31 23 0 268 149 119
56 5 0 0 10 7 3
55 2 3 0 23 3 20
54 0 2 0 13 0 13
53 2 3 0 23 2 21
52 12 2 0 64 25 39
51 2 4 0 19 4 15
50 3 2 0 22 5 17
49 1 3 0 11 1 10
48 1 3 0 25 1 24
47 1 0 0 5 1 4
46 1 3 0 34 1 33
45 3 1 0 16 4 12
44 1 7 0 13 2 11
43 1 4 0 9 2 7
42 2 3 0 21 2 19
41 4 2 0 19 6 13
40 3 1 0 18 7 11
39 6 10 0 55 7 48
38 2 5 0 32 3 29
37 2 0 0 8 2 6
36 3 1 0 7 3 4
35 0 3 0 27 0 27
34 1 1 0 10 1 9
33 4 0 0 13 4 9
32 1 1 0 5 1 4
31 3 0 0 8 5 3
30 3 5 0 35 3 32
29 1 1 0 11 1 10
28 1 0 0 7 2 5
27 1 7 0 40 1 39
26 1 0 0 11 1 10
25 1 2 0 18 1 17
24 3 6 0 39 4 35
23 1 1 0 6 1 5
22 118 8 0 502 455 47
21 5 1 0 23 6 17
20 1 3 0 20 1 19
9 1 0 0 5 2 3
8 2 3 0 10 3 7
7 1 5 0 27 4 23
6 0 1 0 22 0 22
5 2 3 0 12 2 10
4 2 5 0 19 2 17
3 7 3 0 45 10 35
2 2 2 0 12 2 10
1 3 3 0 18 5 13
0 1 8 0 45 1 44
19 0 3 0 38 0 38
18 4 2 0 31 10 21
17 3 4 0 20 3 17
16 0 5 0 21 0 21
15 2 3 0 19 2 17
14 2 3 0 19 2 17
13 1 3 0 22 3 19
12 13 10 0 77 31 46
11 1 1 0 6 1 5
10 1 2 0 7 1 6
299 33 6 10 183 80 103
298 259 148 2535 10419 2920 7499
297 1 6 2 52 1 51
296 115 55 135 2684 786 1898
295 6 5 6 89 13 76
294 11 7 2 191 16 175
293 7 7 4 94 11 83
292 1 8 7 61 1 60
291 2 2 0 18 2 16
290 4 6 0 39 5 34

