329 2 7 6 69 3 66
328 5 9 3 73 13 60
327 2 5 0 40 4 36
326 10 13 2 75 17 58
325 5 2 1 34 9 25
324 1 7 8 124 12 112
323 3 9 0 41 4 37
322 5 8 3 39 7 32
289 4 8 1 29 8 21
321 40 11 6 465 121 344
288 2 2 0 26 3 23
320 7 9 1 81 11 70
287 1 8 0 34 1 33
286 4 0 1 25 7 18
285 2 6 0 16 2 14
284 4 2 0 35 7 28
283 1 8 0 51 2 49
282 2 6 1 33 3 30
281 5 6 1 48 9 39
280 1 6 0 43 4 39
319 1 12 6 125 2 123
318 2 3 0 49 19 30
317 1 7 0 35 2 33
316 1 6 10 60 2 58
315 179 9 5 1155 1080 75
314 2 19 11 254 8 246
313 1 6 0 76 2 74
312 4 0 0 28 5 23
279 0 6 6 93 0 93
311 1 4 1 34 1 33
278 2 4 0 30 3 27
310 1 9 1 41 2 39
277 4 9 2 69 7 62
276 20 4 4 83 31 52
275 2 5 28 229 3 226
274 0 6 4 55 0 55
273 0 9 16 123 0 123
272 1 5 5 20 1 19
271 1 8 7 70 1 69
270 3 13 4 71 4 67
309 40 12 3 160 77 83
308 13 9 35 181 22 159
307 2 11 16 177 10 167
306 5 5 1 16 5 11
305 2 6 9 44 4 40
304 0 8 23 142 0 142
303 10 5 2 75 20 55
302 1 8 0 54 2 52
269 1 5 5 39 2 37
301 1 9 8 125 2 123
268 1 1 16 50 1 49
300 1 5 0 30 1 29
267 2 1 73 146 24 122
266 2 5 2 55 3 52
265 3 3 2 43 3 40
264 0 7 2 28 0 28
263 1 14 19 123 1 122
262 1 4 28 76 1 75
261 8 7 16 102 10 92
260 1 10 5 60 1 59
259 1 4 5 27 1 26
258 1 6 2 21 1 20
257 5 0 2 17 10 7
256 2 4 5 34 2 32
255 1 0 2 9 1 8
254 1 11 2 50 1 49
253 3 4 2 22 3 19
252 5 5 36 168 17 151
251 2 5 5 37 4 33
250 1 9 8 67 1 66
249 0 4 5 38 0 38
248 1 1 2 19 2 17
247 1 8 2 41 1 40
246 0 6 22 130 0 130
245 3 11 17 134 3 131
244 1 9 2 59 1 58
243 2 11 8 83 3 80
242 0 4 2 32 0 32
241 1 7 7 40 1 39
240 0 0 20 36 0 36
239 1 8 2 34 1 33
238 1 10 4 73 1 72
237 3 8 5 50 3 47
236 3 0 8 19 5 14
235 3 9 25 89 17 72
234 14 1 2 49 20 29
233 9 3 2 42 25 17
232 3 4 2 31 6 25
231 0 11 94 153 0 153
199 3 8 2 35 8 27
230 2 0 2 25 2 23
198 1 4 4 50 1 49
197 4 11 8 92 5 87
196 6 5 0 55 8 47
195 1 6 0 13 1 12
194 4 2 0 15 4 11
193 5 2 0 9 7 2
192 6 8 0 25 7 18
191 2 9 0 34 5 29
190 2 1 0 7 2 5
229 3 5 4 45 6 39
228 1 6 2 32 1 31
227 1 2 2 48 9 39
226 159 7 6 475 396 79
225 14 14 148 604 28 576
224 1 3 5 22 1 21
223 0 3 4 21 0 21
222 4 13 13 140 6 134
189 1 8 0 23 1 22
221 4 4 31 120 16 104
188 1 9 0 38 1 37
220 0 3 6 43 0 43
187 1 6 0 38 1 37
186 3 9 0 29 8 21
185 2 9 0 34 3 31
184 2 2 0 9 2 7
183 2 1 0 13 4 9
182 1 4 0 18 1 17
181 2 7 0 28 4 24
180 0 2 0 13 0 13
219 1 6 2 30 1 29
218 1 5 2 48 1 47
217 2 4 10 79 3 76
216 1 8 5 43 2 41
215 1 3 13 62 1 61
214 0 2 5 50 0 50
213 5 11 34 161 13 148
212 4 2 2 27 4 23
179 0 5 0 17 0 17
211 1 9 12 69 1 68
178 1 7 0 23 1 22
210 3 2 2 28 12 16
177 1 7 0 19 1 18
176 19 5 0 67 47 20
175 3 13 0 56 3 53
174 2 7 0 31 3 28
173 3 6 0 25 3 22
172 1 8 0 40 1 39
171 3 10 0 28 3 25
170 1 9 0 34 1 33
209 2 6 2 28 2 26
208 1 11 2 46 1 45
207 1 9 2 54 1 53
206 2 16 6 137 3 134
205 2 2 2 16 2 14
204 1 3 2 20 2 18
203 1 1 5 21 1 20
202 1 3 5 25 1 24
169 4 2 0 16 5 11
201 1 9 2 30 1 29
168 5 0 0 14 7 7
200 1 11 5 54 2 52
167 2 2 0 23 5 18
166 2 4 0 16 2 14
165 2 1 0 16 2 14
164 1 9 0 30 1 29
163 2 7 0 20 2 18
162 1 5 0 29 1 28
161 1 6 0 22 1 21
160 3 6 0 17 4 13
159 3 3 0 36 6 30
158 1 0 0 9 1 8
157 1 7 0 25 1 24
156 3 0 0 8 4 4
155 1 0 0 12 1 11
154 0 7 0 28 0 28
153 1 1 0 28 2 26
152 5 6 0 49 22 27
151 1 9 0 16 1 15
150 0 4 0 48 0 48
149 1 6 0 27 6 21
148 1 0 0 16 2 14
147 1 0 0 4 1 3
146 1 3 0 23 1 22
145 1 18 0 44 2 42
144 2 4 0 38 3 35
143 2 10 0 25 3 22
142 7 5 0 37 12 25
141 1 6 0 19 1 18
140 1 3 0 28 1 27
139 6 3 0 22 10 12
138 4 5 0 18 6 12
137 0 6 0 32 0 32
136 1 7 0 20 1 19
135 2 10 0 46 2 44
134 1 4 0 21 1 20
133 1 7 0 37 1 36
132 1 5 0 23 1 22
131 3 9 0 30 4 26
130 4 3 0 18 4 14
129 1 1 0 30 1 29
128 2 5 0 24 2 22
127 4 3 0 52 7 45
126 4 1 0 20 6 14
125 3 1 0 10 3 7
124 1 6 0 22 1 21
123 2 11 0 30 2 28
122 1 0 0 7 1 6
121 2 2 0 24 2 22
120 3 5 0 16 3 13
119 5 1 0 22 10 12
118 0 2 0 6 0 6
117 1 1 0 13 1 12
116 1 2 0 21 1 20
115 0 9 0 26 0 26
114 1 2 0 26 1 25
113 1 0 0 8 1 7
112 1 10 0 25 1 24
111 7 2 0 21 11 10
110 1 5 0 26 1 25
109 2 5 0 24 3 21
108 28 11 0 114 62 52
107 1 8 0 23 1 22
106 1 4 0 17 1 16
105 3 6 0 23 4 19
104 7 12 0 33 8 25
103 3 7 0 28 3 25
102 0 2 0 9 0 9
101 1 6 0 42 1 41
100 6 3 0 14 8 6
99 1 4 0 15 1 14
98 7 3 0 27 10 17
97 14 20 0 90 18 72
96 2 8 0 17 2 15
95 0 0 0 2 0 2
94 2 8 0 35 2 33
93 5 7 0 55 19 36
92 1 7 0 47 1 46
91 3 1 0 7 3 4
90 1 2 0 10 1 9
89 3 11 0 30 6 24
88 1 1 0 43 1 42
87 2 6 0 12 2 10
86 0 1 0 13 0 13
85 4 2 0 14 4 10
84 3 1 0 6 3 3
83 1 23 0 75 2 73
82 1 4 0 20 3 17
81 1 11 0 27 1 26
80 3 5 0 16 5 11
79 0 3 0 11 0 11
78 1 4 0 36 2 34
77 1 6 0 27 1 26
76 1 5 0 14 1 13
75 1 2 0 16 1 15
74 2 10 0 27 4 23
73 1 7 0 30 1 29
72 2 2 0 5 2 3
71 1 5 0 16 1 15
70 1 0 0 8 1 7
69 3 8 0 21 4 17
68 1 6 0 24 1 23
67 1 2 0 10 1 9
66 38 29 0 311 182 129
65 2 3 0 20 3 17
64 0 3 0 13 0 13
63 2 5 0 31 2 29
62 13 2 0 67 27 40
61 2 0 0 10 3 7
60 2 6 0 19 4 15
385 124 24 7 683 421 262
384 2 8 0 79 2 77
383 1 9 2 51 1 50
382 3 11 0 122 3 119
381 8 12 11 144 14 130
380 34 56 41 950 77 873
59 1 5 0 14 1 13
58 3 2 0 25 6 19
57 8 5 0 32 9 23
56 1 3 0 11 1 10
55 2 4 0 26 2 24
54 1 7 0 22 4 18
53 2 0 0 8 3 5
52 0 3 0 16 0 16
51 4 4 0 23 4 19
50 0 1 0 12 0 12
379 2 10 1 59 4 55
378 4 11 4 104 15 89
377 13 9 2 162 20 142
376 50 34 14 695 124 571
375 5 10 4 89 5 84
374 1 9 11 70 1 69
373 74 29 19 548 176 372
372 320 139 2030 10848 3560 7288
371 99 48 68 1314 359 955
370 5 12 0 38 7 31
49 1 7 0 13 2 11
48 1 5 0 13 4 9
47 2 4 0 21 2 19
46 10 1 0 25 12 13
45 5 1 0 18 7 11
44 4 11 0 46 5 41
43 0 4 0 29 0 29
42 5 1 0 15 5 10
41 1 6 0 19 1 18
40 1 1 0 5 1 4
369 17 4 4 114 27 87
368 86 29 25 880 231 649
367 2 7 2 76 2 74
366 11 9 8 112 22 90
365 159 72 124 2519 671 1848
364 3 5 0 41 4 37
363 1 9 9 55 2 53
362 7 9 0 71 12 59
361 15 23 16 278 20 258
360 2 11 0 103 5 98
39 3 0 0 8 5 3
38 3 7 0 37 4 33
37 1 1 0 11 1 10
36 3 6 0 16 3 13
35 1 0 0 7 2 5
34 1 18 0 48 1 47
33 1 0 0 11 1 10
32 3 10 0 39 3 36
31 1 1 0 6 1 5
30 167 13 0 674 622 52
359 3 7 0 38 3 35
358 3 11 2 80 4 76
357 19 14 25 358 51 307
356 7 13 0 59 9 50
355 5 15 3 66 6 60
354 0 6 0 24 0 24
353 2 10 0 33 3 30
352 2 5 0 55 3 52
351 2 9 0 60 2 58
350 2 9 4 75 2 73
29 4 1 0 24 7 17
28 1 3 0 20 1 19
27 0 8 0 39 0 39
26 7 2 0 31 10 21
25 3 5 0 20 3 17
24 0 6 0 21 0 21
23 1 4 0 18 1 17
22 3 6 0 28 4 24
21 1 5 0 23 3 20
20 13 14 0 85 33 52
349 21 28 19 378 48 330
9 2 2 0 8 2 6
348 75 16 34 455 195 260
8 2 12 0 34 2 32
347 1 0 0 8 2 6
7 3 0 0 7 4 3
346 3 9 1 44 7 37
6 3 4 0 20 3 17
345 1 5 0 64 2 62
5 5 7 0 28 6 22
344 5 13 0 43 7 36
4 8 4 0 48 10 38
343 28 29 24 411 51 360
3 1 4 0 25 1 24
342 2 5 1 28 4 24
2 3 2 0 18 5 13
341 15 47 2 366 33 333
1 1 9 0 52 1 51
340 4 0 0 33 10 23
0 3 2 0 15 4 11
19 1 2 0 7 1 6
18 1 8 0 53 1 52
17 1 0 0 5 2 3
16 2 1 0 6 2 4
15 3 3 0 11 4 7
14 1 7 0 37 5 32
13 3 6 0 23 3 20
12 1 8 0 31 4 27
11 1 2 0 25 1 24
10 2 3 0 12 2 10
339 3 12 2 61 3 58
338 2 6 0 69 4 65
337 1 5 0 38 2 36
336 17 25 31 370 50 320
335 12 5 0 60 14 46
334 2 12 0 61 2 59
333 36 1 0 99 84 15
332 0 6 0 17 0 17
299 6 3 1 22 7 15
331 18 4 0 66 34 32
298 2 7 4 69 2 67
330 5 16 43 234 11 223
297 3 10 2 45 4 41
296 0 4 0 27 0 27
295 2 12 11 133 4 129
294 1 5 0 110 8 102
293 1 6 0 34 1 33
292 10 6 0 97 28 69
291 2 5 0 25 4 21
290 5 7 0 48 6 42

