109 1 5 0 30 1 29
108 1 5 0 11 1 10
107 3 9 0 52 5 47
106 1 3 0 15 4 11
105 1 4 0 30 2 28
104 0 4 0 12 0 12
103 1 8 0 16 1 15
102 0 4 0 36 0 36
263 215 82 917 5946 2217 3729
101 1 5 0 27 6 21
262 3 0 0 28 8 20
100 1 0 0 16 2 14
261 1 3 2 52 1 51
260 6 14 4 116 8 108
259 8 13 1 99 11 88
258 34 7 8 158 79 79
257 92 14 3 507 317 190
256 6 7 3 247 11 236
255 54 29 20 749 170 579
254 136 18 9 927 807 120
253 3 3 0 29 4 25
252 1 7 4 35 2 33
251 20 19 41 368 38 330
250 4 3 4 50 5 45
249 5 6 47 189 14 175
248 0 6 12 112 0 112
247 3 10 2 97 5 92
246 5 13 3 65 6 59
245 29 19 18 345 56 289
244 4 6 0 37 6 31
243 1 8 7 62 2 60
242 0 6 0 25 0 25
241 1 5 0 51 2 49
240 1 7 0 52 1 51
99 1 0 0 4 1 3
98 2 0 0 6 3 3
97 2 14 0 40 2 38
96 1 3 0 36 2 34
95 2 9 0 26 3 23
94 5 6 0 37 12 25
93 1 4 0 19 1 18
92 2 4 0 16 5 11
91 1 2 0 17 1 16
90 1 7 0 20 1 19
239 141 86 380 4664 745 3919
238 93 31 2 527 347 180
237 2 5 1 36 6 30
236 1 5 0 55 2 53
235 2 3 0 34 3 31
234 4 7 3 52 7 45
233 6 11 0 34 6 28
232 1 14 0 86 1 85
231 3 11 2 74 3 71
230 9 12 8 123 18 105
199 2 4 0 25 4 21
198 4 8 1 27 6 21
197 1 9 0 35 1 34
196 7 4 1 25 10 15
195 1 7 0 28 1 27
194 0 8 0 55 0 55
193 0 6 1 21 0 21
192 2 5 0 16 2 14
191 9 6 1 48 26 22
190 1 6 0 43 4 39
89 1 8 0 38 1 37
88 0 1 0 11 0 11
87 1 5 0 23 1 22
86 1 1 0 26 1 25
85 2 5 0 24 2 22
84 5 1 0 19 6 13
83 2 8 0 21 2 19
82 5 1 0 18 6 12
81 1 6 0 38 1 37
80 1 0 0 10 2 8
229 1 4 0 38 2 36
228 4 7 0 47 9 38
227 18 18 17 324 45 279
226 20 1 0 55 41 14
225 2 5 6 113 2 111
224 17 19 11 246 37 209
223 2 11 0 61 4 57
222 6 2 1 23 7 16
221 7 8 2 55 10 45
189 2 9 23 73 10 63
220 1 5 4 82 2 80
188 8 3 2 34 19 15
187 1 2 2 14 1 13
186 13 0 2 42 23 19
185 11 3 4 62 12 50
184 1 8 5 57 1 56
183 1 3 5 35 2 33
182 1 1 14 43 1 42
181 0 11 82 136 0 136
180 1 0 2 22 1 21
79 1 0 0 8 1 7
78 1 8 0 23 1 22
77 5 2 0 19 9 10
76 2 3 0 20 3 17
75 1 3 0 9 1 8
74 18 7 0 80 34 46
73 1 4 0 16 1 15
72 2 2 0 20 5 15
71 1 7 0 24 1 23
70 1 6 0 37 1 36
219 4 7 5 67 4 63
218 3 2 9 125 13 112
217 6 4 2 38 7 31
216 5 2 0 26 11 15
215 1 6 10 45 2 43
214 5 9 0 43 10 33
213 79 21 25 561 280 281
212 1 7 0 73 2 71
211 1 8 3 70 10 60
179 3 2 2 56 3 53
210 6 9 35 172 16 156
178 3 6 2 46 4 42
177 111 7 6 342 270 72
176 11 8 106 447 26 421
175 2 7 10 44 3 41
174 1 4 2 23 1 22
173 1 2 5 19 1 18
172 10 6 44 157 18 139
171 1 9 2 51 1 50
170 5 9 2 53 7 46
69 1 0 0 8 1 7
68 3 2 0 12 6 6
67 1 9 0 41 1 40
66 1 3 0 14 1 13
65 9 15 0 70 13 57
64 1 4 0 14 2 12
63 0 0 0 2 0 2
62 4 6 0 46 15 31
61 4 9 0 29 6 23
60 0 4 0 21 0 21
209 9 3 3 46 35 11
208 1 7 0 54 2 52
207 9 9 0 104 29 75
206 1 7 2 68 2 66
205 7 18 2 81 9 72
204 6 2 1 20 8 12
203 1 10 11 126 4 122
202 4 6 1 47 11 36
201 1 3 0 24 2 22
169 3 10 4 72 8 64
200 1 7 0 28 1 27
168 3 8 4 51 4 47
167 0 2 6 37 0 37
166 1 6 2 29 1 28
165 2 6 2 42 2 40
164 1 5 5 25 1 24
163 1 5 2 24 1 23
162 5 12 2 70 9 61
161 2 2 2 33 2 31
160 1 4 13 63 1 62
59 2 6 0 12 2 10
58 3 1 0 6 3 3
57 2 22 0 72 2 70
56 1 9 0 25 1 24
55 0 3 0 14 0 14
54 0 3 0 11 0 11
53 1 4 0 38 2 36
52 1 5 0 14 1 13
51 1 0 0 3 1 2
50 1 12 0 28 2 26
159 4 9 30 136 9 127
158 1 5 2 21 1 20
157 4 2 2 27 4 23
156 1 7 12 67 1 66
155 1 7 2 32 1 31
154 4 6 2 31 10 21
153 3 6 7 52 5 47
152 2 12 2 85 3 82
151 1 1 5 20 1 19
150 2 12 10 89 2 87
49 2 2 0 5 2 3
48 1 6 0 23 1 22
47 35 25 0 257 144 113
46 6 0 0 10 7 3
45 2 3 0 23 3 20
44 0 3 0 13 0 13
43 2 4 0 21 2 19
42 10 3 0 57 24 33
41 2 6 0 19 4 15
40 3 2 0 22 5 17
149 1 9 2 58 1 57
148 3 11 8 81 3 78
147 2 5 10 32 2 30
146 1 6 2 32 1 31
145 3 12 6 79 3 76
144 1 8 7 64 1 63
143 2 0 2 18 2 16
142 2 10 4 62 2 60
141 4 9 4 64 4 60
140 4 4 0 45 5 40
39 1 3 0 11 1 10
38 1 4 0 25 1 24
37 1 0 0 4 1 3
36 1 5 0 35 1 34
35 4 1 0 19 4 15
34 1 6 0 13 2 11
33 2 6 0 15 2 13
32 2 5 0 27 9 18
31 4 2 0 18 5 13
30 5 9 0 54 7 47
139 1 1 0 10 1 9
138 3 6 0 20 4 16
137 2 7 0 26 4 22
136 2 2 0 7 2 5
135 1 9 0 22 1 21
134 2 15 0 31 2 29
133 1 3 0 19 1 18
132 3 2 0 14 3 11
131 1 8 0 35 1 34
130 1 5 0 26 1 25
29 2 1 0 5 2 3
28 4 0 0 13 4 9
27 2 1 0 4 2 2
26 3 0 0 8 5 3
25 1 1 0 11 1 10
24 1 3 0 22 1 21
23 1 9 0 40 1 39
22 1 0 0 11 1 10
21 1 2 0 18 1 17
20 3 8 0 38 4 34
9 1 2 0 11 1 10
8 1 6 0 30 8 22
129 1 5 0 36 1 35
7 1 0 0 14 2 12
6 3 24 0 100 4 96
128 2 8 0 24 4 20
5 1 3 0 15 1 14
127 1 2 0 16 1 15
4 1 3 0 20 1 19
126 1 2 0 8 1 7
3 2 3 0 12 2 10
125 6 7 0 57 10 47
124 2 2 0 13 4 9
2 1 2 0 9 1 8
123 1 5 0 20 1 19
1 3 3 0 18 5 13
122 1 6 0 30 1 29
0 1 8 0 45 1 44
121 1 7 0 18 1 17
120 15 5 0 60 39 21
19 1 1 0 6 1 5
18 6 1 0 23 6 17
17 1 3 0 20 1 19
16 6 3 0 31 10 21
15 1 2 0 8 2 6
14 1 0 0 8 1 7
13 2 4 0 19 2 17
12 2 4 0 19 2 17
11 11 12 0 77 30 47
10 1 3 0 7 1 6
119 3 11 0 52 3 49
118 2 7 0 31 3 28
117 3 6 0 25 3 22
116 2 8 0 18 3 15
115 1 5 0 24 1 23
114 1 2 0 8 1 7
113 2 1 0 5 2 3
112 1 8 0 31 1 30
111 9 1 0 33 14 19
110 2 8 0 20 2 18

