329 3 8 0 41 4 37
328 5 8 3 39 7 32
327 42 11 6 472 123 349
326 2 12 6 125 2 123
325 2 3 0 49 19 30
324 2 11 1 56 2 54
323 1 7 0 35 2 33
322 1 6 10 60 2 58
289 3 6 28 237 4 233
321 181 8 5 1163 1088 75
288 0 6 4 55 0 55
320 2 19 9 260 9 251
287 0 8 16 123 0 123
286 1 6 5 23 1 22
285 1 8 7 70 1 69
284 3 11 4 71 4 67
283 1 6 5 39 2 37
282 1 1 16 50 1 49
281 2 1 73 146 24 122
280 2 6 2 55 3 52
319 1 6 0 76 2 74
318 3 11 12 84 8 76
317 5 0 0 29 6 23
316 1 10 1 41 2 39
315 12 10 35 181 22 159
314 2 8 16 177 10 167
313 5 5 1 16 5 11
312 3 7 9 44 4 40
279 3 3 2 43 3 40
311 0 9 23 142 0 142
278 0 5 2 28 0 28
310 10 6 2 75 20 55
277 1 12 19 126 1 125
276 1 4 28 76 1 75
275 9 7 18 112 11 101
274 1 10 8 63 1 62
273 1 4 5 27 1 26
272 3 8 4 51 4 47
271 1 6 2 21 1 20
270 5 0 2 17 10 7
309 1 8 0 54 2 52
308 14 7 1 62 21 41
307 1 8 8 125 2 123
306 5 4 1 22 7 15
305 3 9 2 45 4 41
304 0 4 0 27 0 27
303 1 9 11 133 4 129
302 1 4 0 110 8 102
269 2 4 5 34 2 32
301 1 6 0 36 1 35
268 1 0 2 9 1 8
300 2 6 0 25 4 21
267 1 9 2 50 1 49
266 3 4 2 22 3 19
265 5 8 6 55 6 49
264 6 6 36 168 17 151
263 2 6 5 37 4 33
262 0 4 5 38 0 38
261 1 7 8 67 1 66
260 1 1 2 19 2 17
259 1 10 5 46 1 45
258 1 6 2 41 1 40
257 0 6 22 129 0 129
256 2 10 17 137 3 134
255 1 11 2 59 1 58
254 0 5 2 32 0 32
253 2 9 8 88 3 85
252 1 11 2 42 1 41
251 0 0 20 36 0 36
250 1 9 2 34 1 33
249 1 10 4 74 1 73
248 3 8 5 50 3 47
247 14 11 2 94 33 61
246 3 9 25 89 17 72
245 3 0 8 19 5 14
244 14 1 2 50 21 29
243 12 3 2 42 25 17
242 4 4 2 31 6 25
241 0 10 94 153 0 153
240 2 0 2 25 2 23
239 4 3 2 35 4 31
238 2 5 4 45 6 39
237 1 6 2 35 1 34
236 1 2 2 48 9 39
235 161 5 6 488 408 80
234 13 13 148 604 28 576
233 1 2 5 22 1 21
232 0 3 4 21 0 21
231 6 12 13 140 6 134
199 4 2 0 9 7 2
230 2 3 31 120 16 104
198 6 6 0 25 7 18
197 2 8 0 34 5 29
196 2 2 0 7 2 5
195 1 9 0 23 1 22
194 2 12 0 30 2 28
193 1 10 0 42 1 41
192 1 6 0 38 1 37
191 3 8 0 29 8 21
190 2 7 0 36 3 33
229 0 2 6 43 0 43
228 1 5 2 30 1 29
227 1 7 2 48 1 47
226 2 4 10 80 3 77
225 1 23 5 85 2 83
224 1 8 5 43 2 41
223 1 2 4 33 1 32
222 1 4 13 62 1 61
189 2 2 0 9 2 7
221 0 2 5 50 0 50
188 2 2 0 13 4 9
220 7 9 34 161 13 148
187 1 5 0 18 1 17
186 0 2 0 13 0 13
185 0 5 0 17 0 17
184 1 7 0 23 1 22
183 1 7 0 19 1 18
182 17 5 0 68 47 21
181 3 12 0 56 3 53
180 2 6 0 31 3 28
219 4 2 2 27 4 23
218 1 7 12 70 1 69
217 3 2 2 28 12 16
216 2 6 2 28 2 26
215 1 10 2 46 1 45
214 1 9 2 54 1 53
213 1 4 2 33 1 32
212 2 17 6 137 3 134
179 2 4 0 25 3 22
211 2 2 2 16 2 14
178 1 9 0 40 1 39
210 1 3 2 20 2 18
177 3 10 0 28 3 25
176 1 8 0 34 1 33
175 7 4 0 13 8 5
174 3 2 0 16 5 11
173 6 0 0 14 7 7
172 2 2 0 23 5 18
171 2 3 0 16 2 14
170 1 2 0 8 1 7
209 1 1 5 21 1 20
208 1 2 5 25 1 24
207 1 9 2 30 1 29
206 1 10 5 64 2 62
205 4 3 2 26 5 21
204 4 8 2 35 8 27
203 1 4 4 50 1 49
202 4 10 8 93 5 88
169 2 1 0 16 2 14
201 5 6 0 55 8 47
168 1 9 0 31 1 30
200 1 5 0 13 1 12
167 2 7 0 20 2 18
166 1 3 0 29 1 28
165 1 5 0 22 1 21
164 3 5 0 17 4 13
163 1 1 0 7 1 6
162 4 3 0 36 6 30
161 1 0 0 9 1 8
160 1 6 0 25 1 24
159 3 0 0 8 4 4
158 1 0 0 12 1 11
157 5 6 0 49 22 27
156 2 10 0 19 2 17
155 0 5 0 48 0 48
154 1 6 0 27 6 21
153 1 0 0 16 2 14
152 1 0 0 4 1 3
151 1 3 0 23 1 22
150 1 17 0 44 2 42
149 2 3 0 38 3 35
148 2 3 0 18 2 16
147 2 11 0 25 3 22
146 6 5 0 37 12 25
145 1 6 0 19 1 18
144 1 3 0 28 1 27
143 5 3 0 22 10 12
142 0 6 0 32 0 32
141 1 6 0 20 1 19
140 2 11 0 46 2 44
139 1 4 0 21 1 20
138 1 5 0 37 1 36
137 1 6 0 23 1 22
136 3 7 0 30 4 26
135 2 3 0 18 4 14
134 1 1 0 30 1 29
133 2 4 0 24 2 22
132 4 3 0 52 7 45
131 5 1 0 20 6 14
130 1 5 0 22 1 21
129 2 12 0 32 2 30
128 1 0 0 7 1 6
127 2 2 0 24 2 22
126 3 5 0 16 3 13
125 5 1 0 22 10 12
124 0 2 0 6 0 6
123 1 1 0 13 1 12
122 1 2 0 21 1 20
121 0 9 0 26 0 26
120 2 6 0 12 2 10
119 1 2 0 26 1 25
118 1 0 0 8 1 7
117 1 9 0 25 1 24
116 6 2 0 21 11 10
115 1 5 0 26 1 25
114 29 10 0 116 64 52
113 1 8 0 23 1 22
112 1 4 0 18 1 17
111 3 5 0 23 4 19
110 6 11 0 32 7 25
109 3 6 0 28 3 25
108 0 2 0 9 0 9
107 1 5 0 42 1 41
106 6 3 0 14 8 6
105 1 9 0 50 1 49
104 1 4 0 15 1 14
103 6 3 0 27 10 17
102 13 17 0 96 19 77
101 2 7 0 17 2 15
100 1 5 0 14 2 12
99 0 0 0 2 0 2
98 2 9 0 35 2 33
97 5 9 0 55 19 36
96 1 7 0 47 1 46
95 3 1 0 7 3 4
94 1 2 0 10 1 9
93 4 9 0 30 6 24
92 3 0 0 7 3 4
91 1 1 0 43 1 42
90 0 1 0 13 0 13
89 3 2 0 14 4 10
88 3 1 0 6 3 3
87 1 5 0 20 3 17
86 1 9 0 27 1 26
85 0 4 0 11 0 11
84 1 5 0 36 2 34
83 1 6 0 27 1 26
82 1 5 0 14 1 13
81 1 2 0 16 1 15
80 2 11 0 27 4 23
79 1 9 0 30 1 29
78 2 2 0 5 2 3
77 1 6 0 29 1 28
76 1 4 0 16 1 15
75 1 0 0 8 1 7
74 3 6 0 21 4 17
73 1 6 0 24 1 23
72 1 2 0 10 1 9
71 38 26 0 313 184 129
70 2 4 0 21 3 18
390 36 38 34 862 83 779
69 0 4 0 13 0 13
68 2 5 0 31 2 29
67 16 2 0 67 27 40
66 2 0 0 10 3 7
65 2 5 0 19 4 15
64 1 4 0 14 1 13
63 3 2 0 25 6 19
62 8 5 0 32 9 23
61 1 3 0 11 1 10
60 2 4 0 26 2 24
389 331 130 1414 10073 3768 6305
388 12 15 6 191 19 172
387 1 4 2 54 1 53
386 29 30 10 594 122 472
385 179 76 189 3024 852 2172
384 2 8 0 79 2 77
383 4 6 5 82 10 72
382 1 8 2 51 1 50
381 2 9 1 59 4 55
380 13 7 2 108 16 92
59 1 6 0 22 4 18
58 0 2 0 28 0 28
57 2 0 0 8 3 5
56 0 3 0 16 0 16
55 4 4 0 23 4 19
54 1 7 0 13 2 11
53 1 5 0 13 4 9
52 2 5 0 21 2 19
51 9 1 0 25 12 13
50 5 1 0 18 7 11
379 42 12 0 210 108 102
378 22 16 5 320 35 285
377 5 10 4 89 5 84
376 1 8 11 70 1 69
375 6 8 0 119 14 105
374 96 44 71 1331 361 970
373 5 12 0 38 7 31
372 15 4 4 114 27 87
371 2 4 0 71 2 69
370 2 18 9 94 3 91
49 4 11 0 48 5 43
48 2 0 0 8 2 6
47 0 5 0 29 0 29
46 0 1 0 21 0 21
45 1 3 0 7 1 6
44 1 6 0 19 1 18
43 1 1 0 5 1 4
42 3 1 0 10 3 7
41 3 0 0 8 5 3
40 3 6 0 37 4 33
369 3 3 0 41 4 37
368 1 9 9 55 2 53
367 21 9 16 312 70 242
366 3 6 0 38 3 35
365 3 10 2 80 4 76
364 22 26 39 551 63 488
363 1 6 1 26 2 24
362 2 12 4 119 2 117
361 5 11 0 52 5 47
360 23 25 19 406 37 369
39 1 1 0 11 1 10
38 3 6 0 16 3 13
37 1 0 0 7 2 5
36 1 16 0 48 1 47
35 1 0 0 11 1 10
34 3 10 0 39 3 36
33 1 1 0 6 1 5
32 176 11 0 687 635 52
31 5 1 0 24 7 17
30 1 3 0 20 1 19
359 49 8 6 182 99 83
358 5 14 3 66 6 60
357 0 5 0 24 0 24
356 1 8 0 33 3 30
355 3 5 0 56 4 52
354 2 8 0 60 2 58
353 2 9 4 75 2 73
352 185 68 204 3641 989 2652
351 3 9 1 44 7 37
350 1 4 0 64 2 62
29 0 9 0 46 0 46
28 6 4 0 31 10 21
27 3 6 0 20 3 17
26 0 6 0 21 0 21
25 1 4 0 18 1 17
24 3 8 0 34 4 30
23 1 5 0 23 3 20
22 1 2 0 7 1 6
21 1 8 0 53 1 52
20 1 0 0 5 2 3
349 2 5 0 34 3 31
9 2 12 0 34 2 32
348 6 9 0 35 6 29
8 3 0 0 7 4 3
347 28 20 17 348 46 302
7 2 5 0 20 3 17
346 2 4 1 28 4 24
6 5 6 0 31 6 25
345 17 42 2 366 33 333
5 6 5 0 48 10 38
344 2 7 0 46 3 43
4 1 1 0 8 1 7
343 1 4 0 38 2 36
3 1 5 0 25 1 24
342 18 26 31 373 50 323
2 3 3 0 18 5 13
341 12 5 0 60 14 46
1 1 9 0 52 1 51
340 2 13 0 61 2 59
0 3 2 0 15 4 11
19 2 1 0 6 2 4
18 3 3 0 11 4 7
17 1 8 0 37 5 32
16 3 5 0 23 3 20
15 1 10 0 31 4 27
14 3 13 0 71 4 67
13 1 3 0 30 1 29
12 2 3 0 12 2 10
11 1 4 0 15 1 14
10 2 2 0 8 2 6
339 34 1 0 106 91 15
338 0 7 0 17 0 17
337 6 12 9 131 8 123
336 20 5 0 66 34 32
335 6 13 43 239 12 227
334 1 6 6 69 3 66
333 10 13 2 88 20 68
332 2 6 0 40 4 36
299 4 8 1 29 8 21
331 3 2 1 34 9 25
298 1 8 0 34 1 33
330 1 5 8 124 12 112
297 4 0 1 25 7 18
296 2 8 1 20 2 18
295 2 6 0 16 2 14
294 2 6 1 33 3 30
293 5 8 1 48 9 39
292 2 4 0 30 3 27
291 4 9 2 71 8 63
290 18 4 4 83 31 52

