109 1 7 8 90 3 87
108 1 1 4 34 1 33
107 5 1 2 24 12 12
106 2 2 2 23 2 21
105 0 1 4 39 0 39
104 3 12 6 80 3 77
103 2 0 2 18 2 16
102 2 9 2 45 2 43
101 1 3 0 36 1 35
100 1 0 0 8 1 7
99 1 0 0 8 1 7
98 1 1 0 10 1 9
97 9 12 0 46 12 34
96 3 6 0 22 3 19
95 3 6 0 28 6 22
94 1 7 0 30 1 29
93 3 1 0 19 3 16
92 2 10 0 31 2 29
91 1 3 0 19 1 18
90 1 6 0 29 1 28
89 3 2 0 21 5 16
88 1 3 0 24 1 23
87 0 2 0 16 0 16
86 1 4 0 32 1 31
85 5 3 0 17 5 12
84 1 3 0 17 1 16
83 1 1 0 9 1 8
82 8 6 0 54 11 43
81 3 1 0 6 3 3
80 6 6 0 14 6 8
186 0 6 2 63 0 63
185 10 17 36 363 29 334
184 21 10 1 85 34 51
183 42 12 26 431 129 302
182 4 1 0 18 4 14
181 155 91 1682 5909 1787 4122
180 1 6 1 48 3 45
79 1 5 0 24 1 23
78 2 3 0 12 2 10
77 1 7 0 18 1 17
76 4 7 0 44 4 40
75 1 4 0 38 2 36
74 2 0 0 4 2 2
73 2 4 0 28 3 25
72 1 7 0 19 1 18
71 2 2 0 33 2 31
70 2 7 0 21 2 19
179 5 4 3 29 6 23
178 1 1 0 24 1 23
177 5 3 4 59 7 52
176 5 11 0 63 9 54
175 14 20 42 600 37 563
174 5 9 2 140 10 130
173 1 10 4 98 4 94
172 2 6 15 90 2 88
171 1 7 4 73 1 72
170 4 9 1 74 10 64
69 2 2 0 5 2 3
68 0 2 0 10 0 10
67 0 2 0 36 0 36
66 12 4 0 51 29 22
65 1 5 0 24 1 23
64 1 1 0 17 2 15
63 7 0 0 23 9 14
62 2 1 0 10 2 8
61 7 2 0 50 15 35
60 0 2 0 7 1 6
169 20 12 3 224 93 131
168 2 5 1 36 5 31
167 61 9 1 328 212 116
166 4 8 14 182 10 172
165 2 2 2 31 2 29
164 21 25 21 702 65 637
163 6 8 30 308 8 300
162 10 1 0 50 16 34
161 4 7 2 56 11 45
160 24 15 3 216 57 159
59 4 8 0 49 6 43
58 2 2 0 14 3 11
57 1 1 0 13 5 8
56 3 2 0 25 3 22
55 2 5 0 32 4 28
54 1 0 0 4 1 3
53 1 0 0 12 3 9
52 1 6 0 12 2 10
51 5 10 0 48 6 42
50 0 3 0 13 0 13
159 3 9 2 57 5 52
158 3 3 2 48 6 42
157 4 7 3 52 9 43
156 2 5 2 31 3 28
155 1 6 0 47 5 42
154 7 7 9 77 16 61
153 8 5 5 118 23 95
152 2 8 11 139 4 135
151 1 3 0 60 2 58
150 2 3 1 37 7 30
49 1 4 0 19 3 16
48 3 6 0 20 5 15
47 4 0 0 13 4 9
46 2 4 0 36 4 32
45 0 1 0 21 0 21
44 2 9 0 26 3 23
43 5 5 0 38 12 26
42 4 0 0 9 6 3
41 3 4 0 29 4 25
40 1 6 0 30 1 29
149 4 6 0 34 6 28
148 1 5 0 21 2 19
147 2 7 0 38 2 36
146 2 4 1 40 8 32
145 2 4 0 12 2 10
144 0 5 6 30 0 30
143 5 1 2 23 8 15
142 1 3 5 28 2 26
141 1 1 14 43 1 42
140 2 1 2 32 2 30
39 1 2 0 17 1 16
38 1 3 0 17 4 13
37 3 6 0 43 4 39
36 1 1 0 6 1 5
35 9 8 0 88 16 72
34 1 5 0 11 1 10
33 53 2 0 189 162 27
32 0 1 0 10 0 10
31 4 1 0 22 5 17
30 1 4 0 23 1 22
139 1 9 26 70 6 64
138 59 1 2 203 153 50
137 4 1 8 52 10 42
136 8 4 58 212 18 194
135 2 7 10 44 3 41
134 11 6 20 119 16 103
133 5 9 2 53 7 46
132 2 5 9 63 7 56
131 0 1 2 22 0 22
130 2 3 2 25 2 23
29 5 3 0 33 10 23
28 1 4 0 22 3 19
27 1 2 0 9 1 8
26 1 5 0 25 1 24
25 2 4 0 24 2 22
24 1 5 0 22 1 21
23 9 3 0 52 12 40
22 1 2 0 11 1 10
21 2 2 0 19 2 17
20 2 4 0 29 2 27
9 1 3 0 12 1 11
8 0 1 0 14 0 14
7 3 3 0 10 3 7
129 1 3 5 24 1 23
6 4 9 0 27 5 22
128 1 5 2 25 1 24
5 0 1 0 16 0 16
127 1 0 2 48 1 47
4 1 0 0 9 1 8
126 2 6 2 28 2 26
3 3 2 0 17 4 13
125 1 3 13 59 1 58
2 1 6 0 55 1 54
124 3 4 18 85 4 81
1 2 0 0 11 3 8
123 2 0 2 27 5 22
0 2 6 0 17 2 15
122 1 2 2 42 1 41
121 4 2 2 26 4 22
120 1 5 8 56 1 55
19 1 4 0 39 1 38
18 2 0 0 16 3 13
17 1 0 0 10 2 8
16 1 7 0 23 1 22
15 2 1 0 16 2 14
14 0 3 0 23 0 23
13 2 2 0 20 3 17
12 1 2 0 9 1 8
11 4 5 0 22 5 17
10 1 2 0 19 1 18
119 4 6 2 31 10 21
118 3 7 2 32 3 29
117 1 4 2 41 1 40
116 1 0 5 7 2 5
115 19 21 2 185 76 109
114 1 5 8 61 1 60
113 2 1 8 48 4 44
112 1 2 2 53 2 51
111 1 5 10 75 3 72
110 1 5 9 75 1 74

