289 3 7 1 40 7 33
288 8 16 1 339 12 327
287 2 9 1 70 3 67
286 1 5 0 57 2 55
285 1 13 0 88 1 87
284 267 105 1164 7934 3228 4706
283 12 36 1 327 26 301
282 3 0 0 23 5 18
281 3 10 2 74 3 71
280 10 5 0 58 12 46
318 32 52 40 1109 131 978
317 9 12 1 104 13 91
316 8 9 2 102 13 89
315 4 9 1 83 7 76
314 10 6 13 128 15 113
313 13 26 11 315 31 284
312 42 33 29 800 174 626
279 5 6 8 56 16 40
311 2 7 0 79 2 77
278 29 1 0 79 65 14
310 1 8 2 52 1 51
277 14 22 30 349 46 303
276 8 10 9 128 8 120
275 14 3 0 49 21 28
274 1 6 9 71 1 70
273 6 2 1 24 8 16
272 121 14 16 672 405 267
271 2 6 0 38 4 34
270 8 11 2 71 16 55
309 11 9 2 155 16 139
308 1 8 11 69 1 68
307 153 89 295 4046 753 3293
306 2 4 0 71 2 69
305 3 3 0 30 4 26
304 1 6 4 35 2 33
303 165 21 20 1233 988 245
302 3 6 0 37 3 34
269 3 8 0 41 4 37
301 3 11 2 80 4 76
268 5 8 3 37 7 30
300 18 4 5 138 27 111
267 2 10 4 104 2 102
266 1 7 0 35 2 33
265 3 8 1 60 4 56
264 8 2 0 23 13 10
263 3 1 0 25 3 22
262 1 6 10 53 2 51
261 6 12 0 48 7 41
260 3 15 11 197 13 184
259 1 7 0 72 2 70
258 1 10 1 40 2 38
257 2 8 2 58 6 52
256 10 8 35 173 15 158
255 4 5 1 16 5 11
254 0 8 23 135 0 135
253 1 8 0 54 2 52
252 1 7 10 135 2 133
251 1 5 0 30 1 29
250 4 2 1 20 8 12
249 3 9 2 45 4 41
248 2 9 11 121 4 117
247 5 5 1 52 15 37
246 1 3 1 19 2 17
245 1 6 0 31 1 30
244 13 10 0 96 31 65
243 2 5 0 28 4 24
242 4 8 1 29 8 21
241 2 5 1 46 2 44
240 1 7 0 33 1 32
239 3 0 1 22 4 18
238 2 6 0 16 2 14
237 11 4 1 43 16 27
236 4 7 0 45 6 39
235 2 6 1 33 3 30
234 9 7 1 43 21 22
233 3 3 0 43 9 34
232 1 5 0 43 4 39
231 1 0 0 6 2 4
199 1 3 10 74 1 73
230 0 7 4 60 0 60
198 1 5 2 22 1 21
197 6 11 2 71 9 62
196 1 8 5 46 1 45
195 1 0 2 9 1 8
194 1 4 13 62 1 61
193 5 9 32 143 9 134
192 1 5 2 26 1 25
191 1 10 2 47 1 46
190 4 2 2 27 4 23
229 2 4 0 30 3 27
228 5 10 2 65 7 58
227 3 10 23 79 16 63
226 10 2 2 39 24 15
225 14 0 2 38 19 19
224 19 3 4 74 23 51
223 0 6 4 55 0 55
222 0 9 16 119 0 119
189 1 7 12 67 1 66
221 3 4 2 31 6 25
188 2 7 2 33 2 31
220 1 8 7 69 1 68
187 3 3 2 15 3 12
186 7 6 36 166 15 151
185 1 1 2 19 2 17
184 1 3 2 29 1 28
183 1 7 2 42 1 41
182 2 14 4 110 3 107
181 1 2 2 14 1 13
180 1 1 5 20 1 19
219 3 11 4 72 4 68
218 1 4 5 36 2 34
217 1 1 14 43 1 42
216 0 11 90 146 0 146
215 1 0 2 22 1 21
214 2 6 2 59 3 56
213 1 6 2 33 1 32
212 3 5 4 46 6 40
179 1 3 5 24 1 23
211 1 1 2 47 9 38
178 3 11 14 128 3 125
210 132 9 6 401 324 77
177 1 9 2 58 1 57
176 2 10 8 81 3 78
175 0 5 2 32 0 32
174 1 7 7 41 1 40
173 2 5 10 32 2 30
172 0 0 20 36 0 36
171 1 8 2 34 1 33
170 4 8 2 34 7 27
209 12 13 130 567 27 540
208 1 2 5 22 1 21
207 1 10 19 121 1 120
206 8 6 18 105 10 95
205 1 11 5 58 1 57
204 5 10 7 101 6 95
203 2 6 4 51 4 47
202 0 2 6 37 0 37
169 1 10 4 68 1 67
201 1 6 2 29 1 28
168 1 5 4 49 1 48
200 1 7 2 47 1 46
167 2 0 2 18 2 16
166 2 8 4 61 2 59
165 4 9 8 90 5 85
164 1 7 5 45 1 44
163 5 2 0 48 7 41
162 4 4 0 23 5 18
161 2 6 0 26 4 22
160 2 1 0 7 2 5
159 1 9 0 22 1 21
158 2 12 0 30 2 28
157 1 8 0 36 1 35
156 1 6 0 30 1 29
155 1 5 0 35 1 34
154 2 7 0 29 8 21
153 1 2 0 16 1 15
152 2 2 0 9 2 7
151 2 1 0 13 4 9
150 1 4 0 18 1 17
149 2 5 0 22 3 19
148 0 3 0 13 0 13
147 1 7 0 18 1 17
146 18 6 0 61 41 20
145 3 12 0 53 3 50
144 2 6 0 31 3 28
143 3 5 0 25 3 22
142 1 5 0 35 1 34
141 0 4 0 14 0 14
140 3 10 0 28 3 25
139 1 12 0 34 1 33
138 1 9 0 21 1 20
137 2 2 0 15 4 11
136 2 0 0 10 3 7
135 2 2 0 23 5 18
134 1 2 0 8 1 7
133 2 1 0 5 2 3
132 2 1 0 16 2 14
131 1 8 0 31 1 30
130 2 6 0 20 2 18
129 1 4 0 29 1 28
128 1 4 0 19 1 18
127 2 4 0 15 3 12
126 3 3 0 15 4 11
125 2 4 0 33 3 30
124 1 0 0 8 1 7
123 0 4 0 12 0 12
122 1 1 0 28 2 26
121 1 8 0 16 1 15
120 0 4 0 36 0 36
119 1 4 0 26 6 20
118 1 0 0 16 2 14
117 1 0 0 4 1 3
116 1 12 0 44 2 42
115 2 4 0 37 3 34
114 2 10 0 25 3 22
113 6 5 0 37 12 25
112 1 5 0 19 1 18
111 0 6 0 18 0 18
110 1 2 0 17 1 16
109 1 6 0 20 1 19
108 2 12 0 44 2 42
107 0 4 0 20 0 20
106 1 5 0 23 1 22
105 1 1 0 26 1 25
104 2 4 0 24 2 22
103 4 3 0 52 7 45
102 5 1 0 20 6 14
101 2 10 0 28 2 26
100 1 0 0 7 1 6
99 5 1 0 23 11 12
98 0 2 0 5 0 5
97 0 1 0 12 0 12
96 1 2 0 21 1 20
95 1 9 0 43 1 42
94 1 0 0 8 1 7
93 2 5 0 31 3 28
92 1 9 0 25 1 24
91 5 2 0 20 10 10
90 0 6 0 25 0 25
89 2 4 0 22 3 19
88 1 3 0 26 1 25
87 20 9 0 93 44 49
86 1 4 0 17 1 16
85 1 3 0 11 1 10
84 3 1 0 6 3 3
83 1 8 0 24 1 23
82 1 5 0 37 1 36
81 6 2 0 13 7 6
80 1 4 0 14 1 13
79 13 17 0 84 18 66
78 2 9 0 32 2 30
77 5 9 0 55 19 36
76 1 2 0 10 1 9
75 4 8 0 30 6 24
74 0 5 0 27 0 27
73 2 6 0 12 2 10
72 0 1 0 12 0 12
71 3 1 0 6 3 3
70 1 21 0 87 2 85
69 1 5 0 20 3 17
68 1 6 0 27 1 26
67 1 5 0 36 2 34
66 1 5 0 14 1 13
65 2 10 0 31 4 27
64 2 2 0 5 2 3
63 1 5 0 18 1 17
62 1 5 0 17 1 16
61 1 0 0 8 1 7
60 3 6 0 21 4 17
59 1 6 0 23 1 22
58 1 2 0 10 1 9
57 32 25 0 285 160 125
56 2 3 0 23 3 20
55 0 4 0 13 0 13
54 2 4 0 25 2 23
53 14 3 0 65 26 39
52 3 2 0 22 5 17
51 1 3 0 11 1 10
50 1 3 0 25 1 24
49 1 0 0 4 1 3
48 1 4 0 34 1 33
47 4 1 0 17 4 13
46 1 7 0 13 2 11
45 2 5 0 11 2 9
44 2 4 0 21 2 19
43 6 1 0 19 6 13
42 5 1 0 18 7 11
41 4 10 0 51 6 45
40 3 1 0 7 3 4
39 0 4 0 27 0 27
38 4 0 0 13 4 9
37 1 0 0 12 2 10
36 1 1 0 5 1 4
35 2 0 0 11 3 8
34 1 5 0 21 1 20
33 4 0 0 8 5 3
32 3 6 0 37 4 33
31 1 1 0 11 1 10
30 1 4 0 23 1 22
29 3 5 0 16 3 13
28 1 0 0 7 2 5
27 1 0 0 11 1 10
26 3 11 0 39 3 36
25 1 1 0 6 1 5
24 128 10 0 527 477 50
23 6 1 0 23 6 17
22 1 3 0 20 1 19
21 0 6 0 38 0 38
20 6 3 0 31 10 21
9 1 0 0 5 2 3
8 2 3 0 10 3 7
7 1 7 0 27 4 23
6 0 2 0 22 0 22
5 2 3 0 12 2 10
4 2 6 0 19 2 17
3 7 5 0 47 10 37
2 3 3 0 18 5 13
1 1 8 0 51 1 50
0 3 2 0 17 4 13
19 0 0 0 2 0 2
18 3 6 0 20 3 17
17 0 6 0 21 0 21
16 2 4 0 19 2 17
15 2 4 0 19 2 17
14 1 4 0 22 3 19
13 13 12 0 79 31 48
12 2 0 0 4 3 1
11 1 1 0 6 1 5
10 1 3 0 7 1 6
299 9 11 0 59 9 50
298 4 12 2 82 7 75
297 5 13 3 66 6 60
296 3 0 0 17 4 13
295 0 7 0 25 0 25
294 45 12 15 302 113 189
293 2 9 6 146 8 138
292 1 4 0 51 2 49
291 105 40 118 1573 386 1187
290 3 17 0 158 6 152

