329 8 17 4 119 9 110
328 11 12 2 108 14 94
327 2 8 0 79 2 77
326 1 11 2 52 1 51
325 5 5 0 28 5 23
324 185 67 109 2997 962 2035
323 18 15 29 361 49 312
322 2 9 1 55 4 51
289 2 7 6 69 3 66
321 13 9 2 160 21 139
288 7 2 1 24 8 16
320 249 72 505 4876 2412 2464
287 14 19 3 177 17 160
286 4 8 3 72 12 60
285 2 6 0 39 4 35
284 8 12 2 73 17 56
283 3 9 0 41 4 37
282 5 8 3 40 7 33
281 2 10 4 107 2 105
280 41 27 25 589 124 465
319 1 11 11 69 1 68
318 163 49 114 2454 962 1492
317 3 3 0 40 4 36
316 1 6 4 35 2 33
315 4 3 4 48 5 43
314 3 7 0 37 3 34
313 3 11 2 80 4 76
312 18 8 7 144 27 117
279 1 8 0 35 2 33
311 5 16 3 66 6 60
278 3 11 1 60 4 56
310 4 0 0 18 5 13
277 3 1 0 25 3 22
276 1 5 10 53 2 51
275 1 7 0 32 2 30
274 57 6 9 227 125 102
273 1 11 1 40 2 38
272 11 8 35 179 21 158
271 163 8 5 1044 980 64
270 5 5 1 16 5 11
309 0 6 0 25 0 25
308 1 6 0 52 2 50
307 2 7 0 61 2 59
306 2 10 4 76 2 74
305 3 7 1 40 7 33
304 1 8 0 64 2 62
303 2 4 0 34 3 31
302 69 21 60 698 272 426
269 3 6 9 43 4 39
301 16 23 30 369 49 320
268 0 8 23 141 0 141
300 1 13 0 88 1 87
267 1 9 0 54 2 52
266 1 9 10 135 2 133
265 6 2 1 20 8 12
264 2 5 4 67 2 65
263 3 12 2 45 4 41
262 0 3 0 26 0 26
261 3 13 11 135 4 131
260 7 6 1 53 16 37
259 1 8 0 34 1 33
258 2 6 0 25 4 21
257 5 9 1 29 8 21
256 1 7 0 33 1 32
255 3 0 1 22 4 18
254 2 6 0 16 2 14
253 2 2 0 27 5 22
252 1 7 0 51 2 49
251 2 6 1 33 3 30
250 9 7 1 43 21 22
249 5 3 0 41 9 32
248 1 7 0 43 4 39
247 2 4 0 30 3 27
246 3 9 25 87 17 70
245 5 10 2 65 7 58
244 10 5 2 41 24 17
243 13 0 2 39 20 19
242 18 4 4 78 27 51
241 0 7 4 55 0 55
240 0 9 16 119 0 119
239 4 5 2 31 6 25
238 1 6 7 69 1 68
237 3 12 4 72 4 68
236 1 6 5 38 2 36
235 1 1 14 43 1 42
234 2 0 2 25 2 23
233 2 5 2 55 3 52
232 1 7 2 34 1 33
231 3 7 4 46 6 40
199 1 1 2 19 2 17
230 1 2 2 47 9 38
198 1 8 2 42 1 41
197 2 12 4 111 3 108
196 1 2 2 14 1 13
195 1 1 5 20 1 19
194 1 4 5 24 1 23
193 3 11 14 128 3 125
192 1 10 2 58 1 57
191 0 6 22 132 0 132
190 0 4 2 32 0 32
229 3 2 2 43 3 40
228 13 13 134 588 27 561
227 1 3 5 22 1 21
226 1 10 19 121 1 120
225 8 8 18 108 10 98
224 0 3 4 21 0 21
223 1 3 5 27 1 26
222 4 12 12 136 6 130
189 3 11 8 81 3 78
221 3 10 4 51 4 47
188 1 9 2 30 1 29
220 0 2 6 42 0 42
187 1 9 7 42 1 41
186 2 4 10 32 2 30
185 1 9 5 52 2 50
184 0 0 20 36 0 36
183 1 8 2 34 1 33
182 3 9 2 34 7 27
181 1 10 4 70 1 69
180 1 3 4 49 1 48
219 1 6 2 31 1 30
218 1 6 2 47 1 46
217 1 3 10 76 1 75
216 1 6 2 22 1 21
215 1 9 5 41 1 40
214 4 0 2 15 8 7
213 1 0 2 9 1 8
212 1 5 13 62 1 61
179 2 0 2 18 2 16
211 4 12 32 144 9 135
178 2 9 4 61 2 59
210 1 5 2 26 1 25
177 4 10 8 90 5 85
176 3 8 5 49 3 46
175 5 4 0 47 7 40
174 7 2 0 9 7 2
173 5 8 0 24 6 18
172 2 10 0 34 5 29
171 2 1 0 7 2 5
170 1 9 0 22 1 21
209 1 11 2 48 1 47
208 4 2 2 27 4 23
207 1 9 12 70 1 69
206 2 9 2 33 2 31
205 3 4 2 15 3 12
204 1 8 2 49 1 48
203 6 7 36 166 15 151
202 3 7 5 38 4 34
169 1 9 0 36 1 35
201 0 6 5 38 0 38
168 1 6 0 30 1 29
200 1 7 8 65 1 64
167 1 5 0 35 1 34
166 2 10 0 29 8 21
165 2 2 0 9 2 7
164 2 2 0 13 4 9
163 1 4 0 18 1 17
162 2 8 0 22 3 19
161 0 3 0 13 0 13
160 1 7 0 18 1 17
159 3 12 0 53 3 50
158 2 9 0 31 3 28
157 3 6 0 25 3 22
156 1 10 0 40 1 39
155 1 10 0 51 1 50
154 0 4 0 14 0 14
153 3 9 0 28 3 25
152 1 11 0 34 1 33
151 3 3 0 16 5 11
150 2 0 0 10 3 7
149 2 3 0 23 5 18
148 2 5 0 16 2 14
147 1 2 0 8 1 7
146 2 1 0 16 2 14
145 1 10 0 32 1 31
144 2 7 0 20 2 18
143 1 6 0 29 1 28
142 1 5 0 19 1 18
141 2 4 0 36 6 30
140 1 0 0 8 1 7
139 1 8 0 24 1 23
138 1 10 0 16 1 15
137 0 5 0 36 0 36
136 1 7 0 28 6 22
135 1 0 0 16 2 14
134 1 0 0 4 1 3
133 1 16 0 44 2 42
132 1 3 0 38 3 35
131 1 3 0 17 2 15
130 2 11 0 25 3 22
129 4 1 0 18 7 11
128 4 4 0 18 6 12
127 0 6 0 31 0 31
126 1 2 0 17 1 16
125 1 7 0 20 1 19
124 0 4 0 20 0 20
123 1 6 0 23 1 22
122 2 8 0 30 4 26
121 1 2 0 20 1 19
120 1 2 0 29 1 28
119 2 7 0 24 2 22
118 4 3 0 52 7 45
117 5 3 0 20 6 14
116 3 1 0 10 3 7
115 2 11 0 28 2 26
114 1 0 0 7 1 6
113 2 6 0 16 3 13
112 5 1 0 23 11 12
111 0 2 0 5 0 5
110 0 1 0 12 0 12
109 1 2 0 21 1 20
108 0 9 0 24 0 24
107 1 0 0 8 1 7
106 2 7 0 31 3 28
105 1 10 0 25 1 24
104 6 2 0 20 10 10
103 0 6 0 25 0 25
102 2 5 0 22 3 19
101 20 10 0 97 48 49
100 1 8 0 23 1 22
99 1 4 0 17 1 16
98 1 4 0 11 1 10
97 3 7 0 27 3 24
96 1 10 0 24 1 23
95 1 6 0 37 1 36
94 6 3 0 13 7 6
93 1 3 0 14 1 13
92 12 17 0 82 17 65
91 1 5 0 14 2 12
90 0 0 0 2 0 2
89 2 6 0 34 2 32
88 1 7 0 45 1 44
87 3 1 0 7 3 4
86 1 2 0 10 1 9
85 4 10 0 30 6 24
84 1 1 0 42 1 41
83 2 6 0 12 2 10
82 0 1 0 12 0 12
81 3 1 0 6 3 3
80 1 25 0 95 2 93
79 1 5 0 20 3 17
78 1 11 0 27 1 26
77 1 4 0 36 2 34
76 1 5 0 27 1 26
75 1 5 0 14 1 13
74 1 3 0 27 2 25
73 2 13 0 31 4 27
72 1 8 0 30 1 29
71 2 2 0 5 2 3
70 1 6 0 29 1 28
69 1 5 0 17 1 16
68 1 0 0 8 1 7
67 3 8 0 21 4 17
66 1 7 0 23 1 22
65 1 2 0 10 1 9
64 32 27 0 293 166 127
63 2 3 0 23 3 20
62 0 4 0 13 0 13
61 2 5 0 32 2 30
60 17 3 0 68 29 39
59 3 0 0 10 3 7
58 2 7 0 19 4 15
57 3 2 0 25 6 19
56 6 7 0 32 9 23
55 1 3 0 11 1 10
54 1 4 0 25 1 24
53 1 0 0 4 1 3
52 4 2 0 21 4 17
51 1 6 0 13 2 11
50 1 4 0 11 2 9
49 2 6 0 21 2 19
48 7 2 0 20 7 13
47 5 1 0 18 7 11
46 5 11 0 51 6 45
45 3 7 0 32 3 29
44 3 1 0 7 3 4
43 0 6 0 28 0 28
42 4 0 0 13 4 9
41 0 1 0 21 0 21
40 1 3 0 8 1 7
39 1 1 0 5 1 4
38 2 0 0 11 3 8
37 3 0 0 8 5 3
36 3 7 0 37 4 33
35 1 1 0 11 1 10
34 3 7 0 16 3 13
33 1 4 0 15 1 14
32 1 0 0 7 2 5
31 1 0 0 11 1 10
30 3 10 0 39 3 36
29 1 1 0 6 1 5
28 136 13 0 577 525 52
27 7 1 0 24 7 17
26 1 3 0 20 1 19
25 0 9 0 39 0 39
24 6 3 0 31 10 21
23 3 5 0 20 3 17
22 0 5 0 21 0 21
21 2 4 0 19 2 17
20 2 4 0 19 2 17
9 2 3 0 12 2 10
8 2 2 0 8 2 6
7 2 5 0 19 2 17
6 2 1 0 17 3 14
5 2 8 0 33 3 30
4 7 7 0 47 10 37
3 2 2 0 12 2 10
2 3 3 0 18 5 13
1 1 8 0 51 1 50
0 3 1 0 15 4 11
19 1 5 0 22 3 19
18 14 14 0 81 31 50
17 1 3 0 7 1 6
16 1 9 0 50 1 49
15 1 0 0 5 2 3
14 3 3 0 11 4 7
13 1 0 0 24 1 23
12 1 4 0 19 2 17
11 1 7 0 27 4 23
10 1 4 0 25 1 24
338 12 10 0 148 47 101
337 130 12 103 686 376 310
336 180 79 412 5121 970 4151
335 3 0 0 15 7 8
334 3 10 5 102 3 99
333 2 15 0 230 8 222
332 91 77 136 2352 313 2039
299 14 42 2 353 30 323
331 1 6 2 54 1 53
298 3 11 2 74 3 71
330 11 14 4 113 25 88
297 1 5 0 39 2 37
296 4 15 6 141 4 137
295 11 5 0 58 12 46
294 2 13 0 56 2 54
293 28 1 0 85 70 15
292 0 6 0 17 0 17
291 7 12 9 130 8 122
290 14 3 0 49 21 28

