329 1 7 0 34 1 33
328 2 8 1 20 2 18
327 5 1 0 27 8 19
326 2 5 0 17 2 15
325 1 7 0 51 2 49
324 2 7 1 35 3 32
323 4 12 26 92 18 74
322 7 6 1 49 9 40
289 1 7 5 38 4 34
321 2 1 0 15 2 13
288 0 5 5 38 0 38
320 0 7 6 96 0 96
287 1 7 8 67 1 66
286 1 1 2 19 2 17
285 1 7 2 41 1 40
284 0 6 22 129 0 129
283 5 11 17 143 6 137
282 0 5 2 32 0 32
281 2 9 8 87 3 84
280 1 7 2 38 1 37
319 2 5 0 32 3 29
318 5 10 2 73 8 65
317 1 6 5 23 1 22
316 12 4 6 76 13 63
315 3 7 28 237 4 233
314 0 6 4 55 0 55
313 0 8 16 124 0 124
312 1 7 5 23 1 22
279 1 13 2 44 1 43
311 1 8 7 70 1 69
278 0 0 20 36 0 36
310 3 11 4 71 4 67
277 1 7 2 39 1 38
276 2 0 2 17 7 10
275 1 9 2 28 1 27
274 3 7 5 51 3 48
273 3 0 8 19 5 14
272 15 2 2 52 22 30
271 0 4 2 19 0 19
270 1 9 2 45 5 40
309 1 8 5 43 2 41
308 1 1 16 50 1 49
307 2 1 73 146 24 122
306 3 5 2 55 3 52
305 3 2 2 43 3 40
304 0 8 2 28 0 28
303 1 13 19 126 1 125
302 1 5 32 96 2 94
269 2 4 2 31 6 25
301 9 6 18 114 12 102
268 2 1 2 33 2 31
300 1 10 8 63 1 62
267 1 0 2 25 2 23
266 3 6 4 46 6 40
265 1 9 2 37 1 36
264 1 2 2 49 9 40
263 12 14 150 618 31 587
262 1 2 5 22 1 21
261 0 3 4 21 0 21
260 3 4 31 120 16 104
259 0 2 6 43 0 43
258 1 5 2 31 1 30
257 3 3 2 19 5 14
256 1 6 2 50 1 49
255 2 4 10 80 3 77
254 2 6 18 98 3 95
253 1 0 2 8 1 7
252 2 22 5 92 2 90
251 1 8 5 44 2 42
250 0 13 5 60 0 60
249 1 4 13 62 1 61
248 0 2 5 50 0 50
247 6 9 34 162 13 149
246 3 2 2 28 12 16
245 1 7 12 70 1 69
244 2 5 2 28 2 26
243 1 9 2 54 1 53
242 1 1 4 37 1 36
241 2 16 6 137 3 134
240 1 3 8 41 1 40
239 2 2 2 16 2 14
238 1 3 2 20 2 18
237 1 1 5 21 1 20
236 1 4 5 25 1 24
235 1 10 2 30 1 29
234 1 7 17 41 1 40
233 2 11 5 64 2 62
232 3 5 2 26 3 23
231 2 9 2 35 8 27
199 4 2 0 16 5 11
230 1 5 4 50 1 49
198 4 0 0 14 7 7
197 1 4 0 13 1 12
196 2 1 0 13 4 9
195 2 3 0 23 5 18
194 2 5 0 16 2 14
193 1 2 0 8 1 7
192 2 0 0 26 2 24
191 2 1 0 16 2 14
190 1 10 0 31 1 30
229 13 17 2 105 20 85
228 4 10 8 106 5 101
227 5 5 0 55 8 47
226 6 2 0 9 7 2
225 6 6 0 25 7 18
224 2 9 0 36 5 31
223 2 2 0 7 2 5
222 1 5 0 23 1 22
189 2 6 0 20 2 18
221 1 7 0 23 1 22
188 1 4 0 29 1 28
220 2 12 0 31 2 29
187 1 6 0 22 1 21
186 5 1 0 19 13 6
185 3 5 0 17 4 13
184 1 3 0 42 1 41
183 11 0 0 25 23 2
182 1 1 0 7 1 6
181 4 4 0 36 6 30
180 1 0 0 9 1 8
219 1 11 0 39 1 38
218 1 6 0 32 2 30
217 2 7 0 29 8 21
216 2 5 0 14 2 12
215 3 8 0 39 4 35
214 2 2 0 9 2 7
213 2 2 0 19 4 15
212 1 5 0 18 1 17
179 1 7 0 25 1 24
211 0 2 0 13 0 13
178 3 0 0 8 4 4
210 0 4 0 17 0 17
177 1 0 0 12 1 11
176 1 1 0 28 2 26
175 5 6 0 49 22 27
174 0 5 0 32 0 32
173 1 3 0 12 1 11
172 1 5 0 14 1 13
171 1 6 0 37 1 36
170 2 9 0 19 2 17
209 1 7 0 23 1 22
208 1 7 0 24 1 23
207 1 6 0 19 1 18
206 14 6 0 64 42 22
205 3 11 0 58 3 55
204 1 7 0 38 1 37
203 2 7 0 31 3 28
202 2 5 0 26 3 23
169 0 9 0 52 0 52
201 3 10 0 29 3 26
168 1 5 0 27 6 21
200 1 10 0 39 1 38
167 4 0 0 13 6 7
166 1 0 0 16 2 14
165 1 0 0 4 1 3
164 2 15 0 41 2 39
163 2 1 0 20 2 18
162 2 4 0 38 3 35
161 6 0 0 23 7 16
160 1 2 0 18 2 16
159 2 9 0 25 3 22
158 6 6 0 37 12 25
157 1 6 0 19 1 18
156 1 3 0 28 1 27
155 3 0 0 9 3 6
154 4 5 0 25 4 21
153 1 3 0 14 1 13
152 4 5 0 18 6 12
151 0 4 0 23 0 23
150 1 6 0 21 1 20
149 2 9 0 46 2 44
148 1 4 0 21 1 20
147 1 6 0 37 1 36
146 1 4 0 23 1 22
145 3 2 0 13 3 10
144 3 8 0 30 4 26
143 0 0 0 2 0 2
142 2 3 0 18 4 14
141 1 2 0 30 1 29
140 1 6 0 22 1 21
139 2 6 0 24 2 22
138 5 3 0 52 7 45
137 3 1 0 10 3 7
136 45 1 0 85 72 13
135 1 5 0 23 1 22
134 2 11 0 32 2 30
133 1 0 0 7 1 6
132 2 2 0 24 2 22
131 3 6 0 17 3 14
130 7 1 0 40 26 14
129 0 2 0 6 0 6
128 1 1 0 13 1 12
127 1 2 0 21 1 20
126 0 8 0 21 0 21
125 2 6 0 12 2 10
124 1 4 0 11 1 10
123 1 2 0 26 1 25
122 1 0 0 8 1 7
121 1 9 0 30 1 29
120 8 2 0 21 11 10
119 1 5 0 26 1 25
118 30 10 0 125 70 55
117 0 8 0 20 0 20
116 1 5 0 18 1 17
115 1 3 0 10 1 9
114 1 5 0 25 1 24
113 3 6 0 23 4 19
112 3 7 0 32 3 29
111 0 2 0 9 0 9
110 2 6 0 13 2 11
109 1 7 0 42 1 41
108 6 3 0 14 8 6
107 1 4 0 15 1 14
106 4 3 0 27 10 17
105 0 0 0 2 0 2
104 5 1 0 20 7 13
103 2 9 0 37 2 35
102 5 10 0 59 19 40
101 1 9 0 47 1 46
100 1 0 0 4 1 3
99 1 2 0 10 1 9
98 4 8 0 30 6 24
97 1 8 0 24 1 23
96 1 2 0 21 1 20
95 1 1 0 43 1 42
94 3 2 0 12 6 6
93 0 1 0 13 0 13
92 3 2 0 14 4 10
91 3 1 0 6 3 3
90 1 4 0 20 3 17
89 1 10 0 27 1 26
88 0 4 0 11 0 11
87 2 8 0 37 2 35
86 1 5 0 27 1 26
85 1 5 0 14 1 13
84 1 1 0 16 1 15
83 2 10 0 27 4 23
82 2 2 0 5 2 3
81 1 7 0 29 1 28
80 2 7 0 23 4 19
79 1 5 0 16 1 15
78 1 0 0 8 1 7
77 3 6 0 21 4 17
76 1 7 0 24 1 23
75 1 2 0 10 1 9
74 38 26 0 317 188 129
73 2 4 0 21 3 18
72 0 4 0 13 0 13
71 18 2 0 70 30 40
70 1 0 0 10 3 7
434 16 23 16 434 24 410
433 164 77 147 2366 660 1706
432 1 9 2 51 1 50
399 2 8 0 60 2 58
431 6 15 13 185 7 178
398 3 13 4 88 3 85
430 3 10 0 120 3 117
397 2 9 4 75 2 73
396 17 13 29 270 31 239
395 1 0 0 8 2 6
394 3 7 1 44 7 37
393 1 5 0 64 2 62
392 9 7 1 50 12 38
391 5 9 0 36 5 31
390 2 6 1 31 4 27
69 3 0 0 18 5 13
68 1 4 0 14 1 13
67 11 2 0 30 16 14
66 3 5 0 38 6 32
65 7 6 0 32 9 23
64 1 3 0 11 1 10
63 2 3 0 26 2 24
62 1 5 0 28 4 24
429 14 15 6 133 23 110
61 0 2 0 28 0 28
428 5 3 0 22 5 17
60 2 0 0 8 3 5
427 260 94 452 5441 1781 3660
426 338 139 1205 9510 3731 5779
425 21 6 4 125 29 96
424 2 9 1 59 4 55
423 18 15 16 208 40 168
422 11 6 2 108 15 93
389 9 8 4 132 22 110
421 5 8 7 104 5 99
388 18 46 2 373 34 339
420 4 2 8 83 7 76
387 11 19 2 176 30 146
386 2 5 0 46 3 43
385 1 4 0 39 2 37
384 19 21 31 355 50 305
383 2 11 12 216 3 213
382 1 9 0 62 2 60
381 3 10 0 47 4 43
380 51 1 0 126 111 15
59 0 3 0 16 0 16
58 4 4 0 23 4 19
57 1 6 0 15 2 13
56 2 4 0 13 4 9
55 2 5 0 21 2 19
54 5 3 0 19 5 14
53 4 1 0 18 7 11
52 4 9 0 46 5 41
419 5 11 0 38 7 31
51 2 0 0 8 2 6
418 2 8 0 39 2 37
50 3 1 0 7 3 4
417 26 22 16 485 63 422
416 11 17 151 536 16 520
415 3 4 0 41 4 37
414 20 18 11 252 36 216
413 220 87 249 3891 819 3072
412 8 10 0 71 12 59
379 23 5 0 72 40 32
411 3 6 0 38 3 35
378 2 8 10 58 3 55
410 3 9 2 80 4 76
377 6 13 43 245 12 233
376 1 7 6 70 3 67
375 2 3 8 112 9 103
374 9 10 2 90 21 69
373 2 6 0 40 4 36
372 6 2 1 37 12 25
371 1 5 8 125 12 113
370 4 9 7 53 6 47
49 0 4 0 29 0 29
48 1 6 0 19 1 18
47 1 1 0 5 1 4
46 3 2 0 13 3 10
45 1 5 0 14 1 13
44 4 2 0 14 4 10
43 3 0 0 8 5 3
42 3 5 0 38 4 34
409 7 10 0 61 9 52
41 1 1 0 11 1 10
408 8 15 1 401 16 385
40 3 5 0 16 3 13
407 22 14 23 333 56 277
406 5 13 3 65 5 60
405 14 11 1 76 33 43
404 1 7 0 78 2 76
403 4 2 0 41 8 33
402 0 5 0 24 0 24
369 196 15 7 1355 1219 136
401 2 10 0 33 3 30
368 9 7 1 80 13 67
400 3 6 0 65 4 61
367 3 9 0 41 4 37
366 9 15 1 118 19 99
365 4 5 4 73 10 63
364 132 15 7 715 476 239
363 2 13 11 136 2 134
362 4 9 10 92 4 88
361 2 4 0 49 19 30
360 19 10 3 201 49 152
39 1 3 0 13 1 12
38 1 0 0 7 2 5
37 1 15 0 49 1 48
36 1 0 0 11 1 10
35 3 10 0 39 3 36
34 1 1 0 6 1 5
33 179 12 0 724 669 55
32 3 8 0 28 3 25
31 2 5 0 21 2 19
30 1 4 0 28 1 27
359 2 12 0 56 2 54
358 5 6 4 57 5 52
357 1 6 0 35 2 33
356 3 18 9 266 9 257
355 1 8 0 76 2 74
354 3 11 12 85 8 77
353 8 13 4 95 12 83
352 7 6 4 114 18 96
351 4 0 0 29 6 23
350 1 10 1 42 2 40
29 0 8 0 46 0 46
28 6 3 0 31 10 21
27 1 7 0 19 1 18
26 3 6 0 20 3 17
25 0 5 0 21 0 21
24 1 4 0 18 1 17
23 4 9 0 34 4 30
22 1 1 0 6 1 5
21 1 2 0 7 1 6
20 1 0 0 5 2 3
349 7 5 7 58 16 42
9 2 2 0 8 2 6
348 15 9 35 185 25 160
8 3 0 0 7 4 3
347 4 5 1 16 5 11
7 2 0 0 9 2 7
346 3 8 9 46 4 42
6 5 8 0 31 6 25
345 0 7 23 142 0 142
5 6 6 0 49 10 39
344 1 10 0 54 2 52
4 1 1 0 8 1 7
343 10 14 4 92 18 74
3 1 4 0 25 1 24
342 1 7 0 30 1 29
2 4 2 0 19 6 13
341 2 7 4 70 2 68
1 1 8 0 53 1 52
340 3 10 2 45 4 41
0 3 1 0 15 4 11
19 2 1 0 6 2 4
18 3 3 0 11 4 7
17 1 11 0 29 1 28
16 3 7 0 23 3 20
15 1 7 0 29 4 25
14 3 13 0 72 4 68
13 1 3 0 30 1 29
12 0 4 0 16 0 16
11 2 3 0 12 2 10
10 1 3 0 16 1 15
339 2 10 11 135 4 131
338 3 9 51 244 5 239
337 0 3 0 39 0 39
336 6 12 0 80 9 71
335 2 5 0 110 8 102
334 1 6 0 36 1 35
333 11 7 0 95 28 67
332 2 5 0 25 4 21
299 1 3 5 27 1 26
331 5 9 1 29 8 21
298 3 8 4 53 4 49
330 1 5 1 14 1 13
297 5 0 2 17 10 7
296 2 5 5 34 2 32
295 1 0 2 9 1 8
294 2 8 7 49 3 46
293 1 9 2 50 1 49
292 2 6 5 37 4 33
291 13 2 2 43 28 15
290 5 9 6 55 5 50

