org.apache.cassandra.io 35 48 460 1 62 2495 0 0 1 0 118 17 16 6 10 5 20 381 215 166 0 0 1 0 0.109
org.apache.cassandra.service 218 178 2305 47 280 14444 0 0 1 1 418 27 96 18 11 14 51 1009 323 686 0 0 1 1 0.102
org.apache.cassandra.net 20 29 252 7 43 1538 0 0 1 0 200 15 0 3 11 7 76 547 257 290 0 0 1 0 0.222
org.apache.cassandra.config 2 30 230 11 34 602 0 0 1 1 34 2 98 67 14 2 1 92 55 37 0 0 1 0 0.02
org.apache.cassandra.db 351 283 3200 55 428 6042 0 0 1 0 764 61 83 27 9 9 175 1132 208 924 0 0 1 0 0.191
org.apache.cassandra.tools 8 11 168 4 22 614 0 0 1 0 151 9 0 3 1 7 1 186 3 183 0 0 1 0 0.011
org.apache.cassandra.concurrent 8 9 111 1 10 324 0 0 1 0 78 8 59 11 6 1 23 216 41 175 0 0 1 0 0.173
org.apache.cassandra.cli 0 12 119 5 12 219 0 0 0 0 22 1 22 39 0 2 9 161 25 136 0 0 0 0 0.118
org.apache.cassandra.dht 19 23 305 19 34 783 0 0 1 0 108 12 0 2 7 8 31 240 67 173 0 0 1 0 0.195
org.apache.cassandra.net.io 0 1 7 1 2 228 0 0 1 0 11 1 71 13 3 3 37 145 28 117 0 0 1 0 0.336
org.apache.cassandra.gms 12 8 74 3 24 897 0 0 1 0 80 5 81 24 4 6 28 192 55 137 0 0 1 0 0.229
org.apache.cassandra.locator 11 10 141 2 16 323 0 0 1 0 49 6 0 16 3 5 8 84 10 74 0 0 1 0 0.14
org.apache.cassandra.utils 10 21 190 7 33 1011 0 0 1 1 103 16 0 3 17 3 16 371 148 223 0 0 1 1 0.083
