158 5 9 49 5 19 3188 0 0 1 1 214 12 96 287 58 88 189 1898 330 1568 0 0 1 1 0.167
157 0 2 10 3 8 588 0 0 1 1 92 5 85 104 31 41 14 527 153 374 0 0 1 1 0.036
155 0 2 3 9 3 2939 0 0 1 1 117 1 99 783 35 37 7 322 155 167 0 0 1 1 0.041
154 1 3 11 0 3 435 0 0 1 1 46 6 0 57 33 46 42 1027 220 807 0 0 1 1 0.075
202 0 1 9 0 1 311 1 0 1 0 40 1 82 64 15 28 11 225 33 192 1 0 1 0 0.087
200 2 3 15 3 3 375 0 0 1 1 55 4 65 20 81 62 54 1405 526 879 0 0 1 1 0.057
169 0 2 8 1 2 1128 0 0 1 1 58 1 95 316 47 54 26 555 119 436 0 0 1 1 0.085
165 0 1 9 0 1 201 0 0 1 0 35 1 82 45 3 28 4 104 5 99 0 0 1 0 0.071
168 0 1 7 0 1 41 0 0 1 0 8 1 42 11 21 24 4 253 49 204 0 0 1 0 0.03
5 0 1 1 0 1 270 0 0 1 0 83 1 96 84 1 27 0 88 2 86 0 0 1 0 0.0
179 0 1 2 0 2 20 0 0 1 0 2 1 33 1 29 30 1 237 68 169 0 0 1 0 0.008
177 0 2 8 1 4 406 0 0 1 1 57 5 70 28 60 59 26 1061 242 819 0 0 1 1 0.047
174 0 5 21 5 6 1448 0 0 1 1 159 5 91 268 38 48 11 487 230 257 0 0 1 1 0.042
183 0 2 8 0 2 52 0 0 1 1 3 1 40 19 78 20 7 483 324 159 0 0 1 1 0.028
184 4 4 32 5 4 588 0 0 1 1 119 9 89 31 37 51 19 662 155 507 0 0 1 1 0.056
185 3 6 18 0 6 45 0 0 1 1 9 15 0 2 107 43 44 1737 879 858 0 0 1 1 0.048
186 0 1 1 1 4 815 0 0 0 1 57 2 95 191 1 39 6 316 2 314 0 0 0 1 0.036
119 0 1 9 1 1 191 0 0 1 0 29 2 87 45 1 15 2 45 1 44 0 0 1 0 0.08
125 0 2 8 0 2 1300 0 0 1 1 65 2 97 383 45 20 2 204 109 95 0 0 1 1 0.019
127 0 2 7 0 3 414 0 0 1 1 19 1 98 53 48 2 102 339 91 248 0 0 1 1 0.374
123 0 3 9 0 3 67 0 0 1 0 13 1 94 6 9 6 2 36 18 18 0 0 1 0 0.1
135 0 1 9 1 3 458 0 0 1 0 43 1 89 123 26 9 2 122 73 49 0 0 1 0 0.031
136 0 1 7 0 2 268 0 0 1 0 31 2 55 76 1 14 2 37 1 36 0 0 1 1 0.056
137 0 1 9 2 1 2954 0 0 1 0 101 1 94 532 3 31 6 159 9 150 0 0 1 0 0.07
131 0 1 1 0 2 131 0 0 1 1 18 1 86 22 91 3 5 605 578 27 0 0 1 1 0.016
144 2 2 20 1 2 1047 0 0 1 1 54 2 86 118 38 33 41 568 271 297 0 0 1 1 0.124
106 0 1 10 3 1 2064 0 0 1 0 68 1 97 445 3 24 28 144 4 140 0 0 1 0 0.277
102 0 1 6 0 1 98 0 0 0 0 6 1 58 7 0 1 2 25 0 25 0 0 1 0 0.114
97 0 3 3 0 3 82 0 0 0 0 2 1 91 23 7 0 0 12 9 3 0 0 0 0 0.0
195 3 7 43 1 9 3692 0 0 1 1 250 8 94 244 67 79 51 868 243 625 0 0 1 1 0.11
194 2 2 6 4 2 33 0 0 1 1 14 6 0 2 62 44 29 1024 405 619 0 0 1 1 0.053
197 2 2 13 1 4 1366 0 0 1 1 137 12 73 55 103 86 193 2197 602 1595 0 0 1 1 0.149
193 0 2 2 0 2 123 0 0 1 0 11 3 90 39 5 29 0 125 14 111 0 0 1 0 0.0
