157 0 2 14 0 3 415 0 0 1 0 44 1 74 106 2 26 2 181 8 173 0 0 1 1 0.152
155 0 3 19 0 4 373 0 0 1 1 9 1 66 102 9 30 6 181 21 160 0 0 1 0 0.062
153 0 5 56 0 6 172 0 0 1 1 15 2 65 43 4 32 13 205 11 194 0 0 1 1 0.212
150 0 1 13 0 1 62 0 0 1 0 13 2 88 16 24 21 1 192 65 127 0 0 1 0 0.01
43 0 2 22 0 3 80 0 0 1 0 26 1 90 21 1 14 0 35 1 34 0 0 1 0 0.0
40 0 2 25 0 3 164 1 0 1 0 10 1 31 48 2 3 0 19 2 17 1 0 1 0 0.0
29 0 1 17 0 1 37 0 0 0 0 13 4 0 6 1 5 0 17 1 16 0 0 0 0 0.0
163 1 9 55 4 21 2372 0 0 1 1 185 7 91 103 27 38 21 604 152 452 0 0 1 1 0.128
4 0 1 9 0 1 268 0 0 0 0 83 1 96 84 0 21 0 89 2 87 0 0 1 0 0.0
170 0 1 13 0 1 28 0 0 1 1 5 2 57 9 52 30 21 867 303 564 0 0 1 1 0.046
172 4 5 19 0 6 669 0 0 1 1 88 8 75 24 37 41 17 924 227 697 0 0 1 1 0.127
108 0 1 9 2 1 436 0 0 1 0 19 2 85 19 2 16 19 139 6 133 0 0 1 1 0.152
173 0 1 9 1 1 197 0 0 1 0 22 1 66 43 15 23 9 207 50 157 0 0 1 0 0.044
107 0 3 14 0 4 1229 0 0 0 0 70 1 95 223 0 13 4 94 0 94 0 0 0 0 0.078
99 0 1 2 3 1 372 0 0 1 0 40 2 89 59 2 18 4 82 3 79 0 0 1 0 0.113
101 0 2 30 1 4 93 0 0 1 0 18 1 66 11 2 14 8 51 2 49 0 0 1 0 0.239
100 0 4 13 0 4 414 0 0 1 1 19 1 98 53 40 2 51 340 92 248 0 0 1 1 0.23
90 0 3 26 1 5 212 0 0 1 0 35 2 89 66 3 8 0 62 4 58 0 0 1 0 0.0
116 0 1 9 0 1 263 1 0 1 0 29 1 74 74 2 16 0 51 2 49 1 0 1 0 0.0
79 0 2 2 0 3 602 0 0 1 0 36 2 68 200 2 16 0 44 2 42 0 0 1 0 0.0
112 0 1 4 0 1 464 0 0 1 0 21 1 68 152 2 1 1 54 4 50 0 0 1 0 0.036
110 0 1 13 3 6 2886 0 0 1 0 100 1 94 523 3 18 4 114 8 106 0 0 1 0 0.066
111 1 4 27 0 5 340 0 0 1 0 48 3 93 98 12 22 0 101 17 84 0 0 1 1 0.13
118 0 1 3 0 2 88 0 0 1 0 9 3 79 35 17 10 0 92 37 55 0 0 1 0 0.0
119 0 10 35 0 14 2345 0 0 1 1 215 8 96 184 51 45 28 708 405 303 0 0 1 1 0.212
83 0 3 19 4 5 2185 1 0 1 0 72 1 94 593 14 27 0 124 42 82 0 0 1 1 0.099
124 0 6 48 0 8 1134 0 0 1 1 58 2 98 236 21 29 0 171 90 81 0 0 1 1 0.109
75 0 1 9 0 2 32 0 0 1 0 11 4 50 5 1 4 0 16 1 15 0 0 1 0 0.0
135 0 2 7 0 2 158 0 0 1 1 24 1 70 20 9 31 2 238 19 219 0 0 1 1 0.051
132 0 2 19 0 2 103 0 0 1 1 15 6 50 5 58 43 52 1213 509 704 0 0 1 1 0.053
138 0 1 13 0 1 72 0 0 1 0 7 2 81 21 30 26 4 322 92 230 0 0 1 1 0.073
57 0 1 3 0 1 275 0 0 1 0 14 2 87 83 12 9 0 41 25 16 0 0 1 0 0.0
137 4 4 52 0 4 124 0 0 1 0 13 8 71 8 17 10 0 157 56 101 0 0 1 0 0.0
61 0 1 1 0 1 72 1 0 0 0 5 1 73 21 8 0 0 31 20 11 1 0 1 0 0.0
143 0 2 5 0 2 1041 0 0 1 0 56 3 93 126 29 15 6 177 114 63 0 0 1 1 0.099
144 0 1 2 0 1 149 0 0 1 0 17 3 90 36 1 8 0 40 2 38 0 0 1 0 0.0
145 4 9 57 4 10 4447 0 0 1 1 266 10 94 167 79 65 67 1276 406 870 0 0 1 1 0.212
147 2 3 16 0 3 116 0 0 1 1 22 9 0 2 25 41 14 672 153 519 0 0 1 1 0.072
148 0 2 15 1 2 198 0 0 1 1 32 4 56 15 50 37 8 533 217 316 0 0 1 1 0.127
52 0 1 4 0 1 292 0 0 1 0 40 1 88 102 13 5 0 64 25 39 0 0 1 0 0.0
