158 6 24 97 8 32 8804 0 0 1 1 647 31 93 190 57 90 195 1949 337 1612 0 0 1 1 0.153
155 0 14 45 4 17 4169 0 0 1 1 167 2 87 321 34 38 7 331 156 175 0 0 1 1 0.048
154 0 1 4 0 1 275 0 0 1 0 22 2 86 98 2 17 27 190 2 188 0 0 1 0 0.219
203 0 2 20 1 2 355 1 0 1 0 38 3 87 21 15 28 11 231 35 196 1 0 1 0 0.087
22 0 1 1 0 1 436 0 0 1 0 28 1 89 139 11 4 0 43 11 32 0 0 1 0 0.0
169 0 5 16 0 5 174 0 0 1 1 29 8 75 11 35 43 22 533 119 414 0 0 1 1 0.073
165 0 1 1 0 1 124 0 0 1 0 27 1 65 27 3 28 4 104 5 99 0 0 1 0 0.072
207 0 6 11 1 7 838 0 0 1 1 119 4 89 31 38 54 21 702 159 543 0 0 1 1 0.079
168 0 2 15 0 3 48 0 0 1 0 5 4 50 13 29 12 0 96 63 33 0 0 1 1 0.04
29 0 1 2 0 2 149 0 0 0 0 17 3 90 36 0 9 0 19 0 19 0 0 0 0 0.0
167 2 2 18 0 2 45 0 0 1 0 8 2 78 7 21 25 4 261 51 210 0 0 1 1 0.04
161 0 4 22 0 4 685 0 0 1 1 95 3 90 178 30 42 9 476 150 326 0 0 1 1 0.098
162 0 2 5 0 2 263 0 0 1 0 30 3 90 69 12 23 21 173 20 153 0 0 1 0 0.195
163 0 1 4 0 2 349 0 0 1 1 23 2 78 111 43 17 1 233 195 38 0 0 1 1 0.008
179 2 2 18 0 2 45 0 0 1 0 8 2 78 7 28 17 0 262 79 183 0 0 1 1 0.04
178 0 6 20 1 6 1014 0 0 1 1 134 11 93 48 59 59 26 1064 244 820 0 0 1 1 0.021
177 0 2 6 0 2 495 0 0 1 0 25 2 71 88 19 26 5 146 29 117 0 0 1 1 0.079
13 0 4 7 1 4 1089 0 0 1 0 61 2 98 243 13 31 0 75 14 61 0 0 1 1 0.0
170 2 5 26 6 7 4685 0 0 1 1 210 2 97 862 47 55 26 557 119 438 0 0 1 1 0.079
171 0 1 10 0 1 47 0 0 1 0 6 1 90 11 23 24 2 169 72 97 0 0 1 1 0.099
175 2 6 11 0 10 1310 0 0 1 1 124 6 92 167 38 51 11 505 234 271 0 0 1 1 0.04
173 0 1 10 0 1 20 0 0 1 0 7 3 0 3 21 12 0 100 52 48 0 0 1 1 0.067
187 4 7 37 4 11 3372 0 0 0 1 255 12 93 110 1 41 6 320 2 318 0 0 0 1 0.053
185 0 1 2 0 1 18 0 0 1 1 5 3 0 5 78 21 7 492 333 159 0 0 1 1 0.058
86 0 1 1 1 1 291 0 0 1 0 19 2 88 93 3 14 0 25 3 22 0 0 1 0 0.0
121 0 2 5 0 2 435 0 0 1 0 55 1 90 114 11 24 5 91 13 78 0 0 1 0 0.096
122 0 2 2 0 2 264 0 0 0 0 10 3 88 31 2 0 37 52 2 50 0 0 0 0 0.587
123 0 1 4 0 3 184 0 0 1 0 29 2 100 38 11 7 4 63 22 41 0 0 1 0 0.098
70 0 1 1 0 2 178 0 0 1 0 29 1 76 44 1 8 0 34 1 33 0 0 1 0 0.0
120 0 1 2 0 1 198 0 0 1 0 31 2 87 45 1 15 2 46 1 45 0 0 1 0 0.08
72 0 1 4 0 1 45 0 0 1 0 10 1 87 12 18 4 0 42 30 12 0 0 1 0 0.0
136 0 1 1 0 1 461 0 0 1 0 43 1 89 124 27 10 2 123 74 49 0 0 1 0 0.032
137 0 2 4 1 2 2964 0 0 1 0 101 1 94 534 3 31 6 159 9 150 0 0 1 0 0.069
63 0 1 2 0 1 71 1 0 1 0 5 1 76 21 10 1 0 31 23 8 1 0 1 0 0.0
143 0 4 16 0 4 1980 0 0 1 1 85 3 88 133 40 34 41 578 278 300 0 0 1 1 0.108
52 0 1 11 0 1 458 0 0 1 0 20 2 93 132 38 9 0 146 122 24 0 0 1 0 0.0
140 0 1 4 0 1 89 0 0 1 0 13 1 58 30 4 13 0 41 6 35 0 0 1 0 0.034
142 0 1 1 0 1 497 0 0 1 0 17 2 92 102 7 3 48 119 10 109 0 0 1 0 0.444
96 0 1 4 4 1 169 0 0 1 0 25 3 90 46 2 18 0 31 2 29 0 0 1 0 0.0
196 0 8 26 5 18 5787 0 0 1 1 285 7 90 102 68 80 56 904 246 658 0 0 1 1 0.108
192 0 1 9 0 1 166 0 0 1 1 34 1 88 44 45 57 59 615 141 474 0 0 1 1 0.122
