43 0 4 19 0 4 203 0 0 1 0 24 1 91 56 1 12 0 34 1 33 0 0 1 0 0.0
22 0 1 5 0 1 66 0 0 0 0 0 2 96 4 8 0 0 20 18 2 0 0 0 0 0.0
167 2 4 15 5 6 1368 0 0 0 1 96 5 92 103 1 37 6 302 2 300 0 0 0 1 0.037
164 0 1 3 0 1 9 0 0 1 1 1 6 0 2 89 32 16 1158 634 524 0 0 1 1 0.048
179 2 4 41 0 6 176 0 0 1 0 44 3 87 16 6 17 0 97 8 89 0 0 1 0 0.0
178 0 4 33 0 4 556 0 0 1 1 86 3 88 61 56 61 29 1078 230 848 0 0 1 1 0.047
176 6 10 126 3 12 5204 0 0 1 1 213 8 90 88 64 70 45 823 228 595 0 0 1 1 0.105
170 6 10 72 9 15 3810 0 0 1 1 249 13 96 184 75 83 296 2204 616 1588 0 0 1 1 0.166
175 0 2 28 0 12 471 0 0 1 1 58 1 91 104 5 39 9 231 6 225 0 0 1 1 0.054
101 0 1 18 1 1 2109 0 0 1 0 68 1 97 458 3 21 28 143 4 139 0 0 1 0 0.28
96 0 1 25 0 1 526 0 0 1 0 32 1 98 172 3 14 0 43 3 40 0 0 1 0 0.0
94 0 1 25 0 1 129 1 0 1 0 16 3 81 35 3 12 0 27 3 24 1 0 1 0 0.0
91 0 1 5 3 1 59 0 0 0 0 0 1 87 16 4 0 0 8 7 1 0 0 0 0 0.0
189 2 5 47 0 5 216 0 0 1 1 23 8 55 9 37 41 22 559 117 442 0 0 1 1 0.071
10 0 1 5 0 2 197 0 0 1 0 49 1 83 61 5 16 0 60 5 55 0 0 1 0 0.0
181 1 3 24 0 3 775 0 0 1 1 54 4 85 19 47 58 87 971 169 802 0 0 1 1 0.149
183 0 2 5 1 2 115 0 0 1 0 18 2 90 20 28 29 7 331 109 222 0 0 1 0 0.066
186 2 2 50 1 3 1168 1 0 1 0 57 5 95 213 2 20 1 80 4 76 1 0 1 0 0.027
88 0 2 14 0 2 212 0 0 1 0 35 2 89 66 3 12 0 62 4 58 0 0 1 0 0.0
117 0 3 45 1 5 88 0 0 1 0 18 1 66 11 2 15 8 51 2 49 0 0 1 0 0.229
77 0 1 25 0 1 602 0 0 1 0 36 2 68 200 2 20 0 44 2 42 0 0 1 0 0.0
110 0 2 18 0 2 424 0 0 1 0 55 1 88 113 9 25 5 92 13 79 0 0 1 0 0.099
111 0 2 28 0 2 159 0 0 1 0 25 2 100 32 12 8 4 59 22 37 0 0 1 0 0.119
194 0 1 3 0 1 63 0 0 1 1 17 2 70 8 49 31 6 348 167 181 0 0 1 1 0.071
191 0 2 9 0 2 124 0 0 1 1 26 2 82 21 38 27 5 302 169 133 0 0 1 1 0.025
198 0 3 34 0 4 470 0 0 1 0 33 1 88 134 6 28 32 256 11 245 0 0 1 0 0.221
67 0 1 3 0 1 45 0 0 1 0 10 1 87 12 14 4 0 40 28 12 0 0 1 0 0.0
124 0 3 43 1 3 2925 0 0 1 0 102 1 94 527 3 21 4 114 8 106 0 0 1 0 0.07
133 2 2 50 0 2 387 1 0 1 0 44 4 74 74 2 19 0 51 2 49 1 0 1 0 0.0
131 2 2 36 1 2 1028 0 0 1 1 75 2 86 116 35 34 41 560 258 302 0 0 1 1 0.126
143 4 2 12 0 4 72 0 0 1 0 6 4 12 12 11 7 0 57 15 42 0 0 1 0 0.0
49 0 1 7 0 1 440 0 0 1 0 19 2 93 126 31 10 0 135 112 23 0 0 1 0 0.0
146 0 1 25 0 1 20 0 0 1 1 2 5 0 6 40 3 0 139 118 21 0 0 1 1 0.028
149 2 6 70 0 6 492 0 0 1 0 73 7 76 30 11 23 21 179 18 161 0 0 1 0 0.195
142 2 10 50 2 15 3788 0 0 1 0 149 2 87 317 29 33 7 311 148 163 0 0 1 1 0.042
