157 0 2 14 0 3 415 0 0 1 0 44 1 74 106 2 26 2 181 8 173 0 0 1 1 0.152
155 0 3 19 0 4 373 0 0 1 1 9 1 66 102 9 30 6 181 21 160 0 0 1 0 0.062
153 0 5 56 0 6 172 0 0 1 1 15 2 65 43 4 32 13 205 11 194 0 0 1 1 0.212
150 0 1 13 0 1 62 0 0 1 0 13 2 88 16 24 21 1 192 65 127 0 0 1 0 0.01
43 0 2 22 0 3 80 0 0 1 0 26 1 90 21 1 14 0 35 1 34 0 0 1 0 0.0
40 0 2 25 0 3 164 1 0 1 0 10 1 31 48 2 3 0 19 2 17 1 0 1 0 0.0
29 0 1 17 0 1 37 0 0 0 0 13 4 0 6 1 5 0 17 1 16 0 0 0 0 0.0
163 1 9 55 4 21 2372 0 0 1 1 185 7 91 103 27 38 21 604 152 452 0 0 1 1 0.128
4 0 1 9 0 1 268 0 0 0 0 83 1 96 84 0 21 0 89 2 87 0 0 1 0 0.0
170 0 1 13 0 1 28 0 0 1 1 5 2 57 9 52 30 21 867 303 564 0 0 1 1 0.046
172 4 5 19 0 6 669 0 0 1 1 88 8 75 24 37 41 17 924 227 697 0 0 1 1 0.127
108 0 1 9 2 1 436 0 0 1 0 19 2 85 19 2 16 19 139 6 133 0 0 1 1 0.152
173 0 1 9 1 1 197 0 0 1 0 22 1 66 43 15 23 9 207 50 157 0 0 1 0 0.044
107 0 3 14 0 4 1229 0 0 0 0 70 1 95 223 0 13 4 94 0 94 0 0 0 0 0.078
99 0 1 2 3 1 372 0 0 1 0 40 2 89 59 2 18 4 82 3 79 0 0 1 0 0.113
101 0 2 30 1 4 93 0 0 1 0 18 1 66 11 2 14 8 51 2 49 0 0 1 0 0.239
100 0 4 13 0 4 414 0 0 1 1 19 1 98 53 40 2 51 340 92 248 0 0 1 1 0.23
90 0 3 26 1 5 212 0 0 1 0 35 2 89 66 3 8 0 62 4 58 0 0 1 0 0.0
116 0 1 9 0 1 263 1 0 1 0 29 1 74 74 2 16 0 51 2 49 1 0 1 0 0.0
79 0 2 2 0 3 602 0 0 1 0 36 2 68 200 2 16 0 44 2 42 0 0 1 0 0.0
112 0 1 4 0 1 464 0 0 1 0 21 1 68 152 2 1 1 54 4 50 0 0 1 0 0.036
110 0 1 13 3 6 2886 0 0 1 0 100 1 94 523 3 18 4 114 8 106 0 0 1 0 0.066
111 1 4 27 0 5 340 0 0 1 0 48 3 93 98 12 22 0 101 17 84 0 0 1 1 0.13
118 0 1 3 0 2 88 0 0 1 0 9 3 79 35 17 10 0 92 37 55 0 0 1 0 0.0
119 0 10 35 0 14 2345 0 0 1 1 215 8 96 184 51 45 28 708 405 303 0 0 1 1 0.212
83 0 3 19 4 5 2185 1 0 1 0 72 1 94 593 14 27 0 124 42 82 0 0 1 1 0.099
124 0 6 48 0 8 1134 0 0 1 1 58 2 98 236 21 29 0 171 90 81 0 0 1 1 0.109
75 0 1 9 0 2 32 0 0 1 0 11 4 50 5 1 4 0 16 1 15 0 0 1 0 0.0
135 0 2 7 0 2 158 0 0 1 1 24 1 70 20 9 31 2 238 19 219 0 0 1 1 0.051
132 0 2 19 0 2 103 0 0 1 1 15 6 50 5 58 43 52 1213 509 704 0 0 1 1 0.053
138 0 1 13 0 1 72 0 0 1 0 7 2 81 21 30 26 4 322 92 230 0 0 1 1 0.073
57 0 1 3 0 1 275 0 0 1 0 14 2 87 83 12 9 0 41 25 16 0 0 1 0 0.0
137 4 4 52 0 4 124 0 0 1 0 13 8 71 8 17 10 0 157 56 101 0 0 1 0 0.0
61 0 1 1 0 1 72 1 0 0 0 5 1 73 21 8 0 0 31 20 11 1 0 1 0 0.0
143 0 2 5 0 2 1041 0 0 1 0 56 3 93 126 29 15 6 177 114 63 0 0 1 1 0.099
144 0 1 2 0 1 149 0 0 1 0 17 3 90 36 1 8 0 40 2 38 0 0 1 0 0.0
145 4 9 57 4 10 4447 0 0 1 1 266 10 94 167 79 65 67 1276 406 870 0 0 1 1 0.212
147 2 3 16 0 3 116 0 0 1 1 22 9 0 2 25 41 14 672 153 519 0 0 1 1 0.072
148 0 2 15 1 2 198 0 0 1 1 32 4 56 15 50 37 8 533 217 316 0 0 1 1 0.127
52 0 1 4 0 1 292 0 0 1 0 40 1 88 102 13 5 0 64 25 39 0 0 1 0 0.0
43 0 4 19 0 4 203 0 0 1 0 24 1 91 56 1 12 0 34 1 33 0 0 1 0 0.0
22 0 1 5 0 1 66 0 0 0 0 0 2 96 4 8 0 0 20 18 2 0 0 0 0 0.0
167 2 4 15 5 6 1368 0 0 0 1 96 5 92 103 1 37 6 302 2 300 0 0 0 1 0.037
164 0 1 3 0 1 9 0 0 1 1 1 6 0 2 89 32 16 1158 634 524 0 0 1 1 0.048
179 2 4 41 0 6 176 0 0 1 0 44 3 87 16 6 17 0 97 8 89 0 0 1 0 0.0
178 0 4 33 0 4 556 0 0 1 1 86 3 88 61 56 61 29 1078 230 848 0 0 1 1 0.047
176 6 10 126 3 12 5204 0 0 1 1 213 8 90 88 64 70 45 823 228 595 0 0 1 1 0.105
170 6 10 72 9 15 3810 0 0 1 1 249 13 96 184 75 83 296 2204 616 1588 0 0 1 1 0.166
175 0 2 28 0 12 471 0 0 1 1 58 1 91 104 5 39 9 231 6 225 0 0 1 1 0.054
101 0 1 18 1 1 2109 0 0 1 0 68 1 97 458 3 21 28 143 4 139 0 0 1 0 0.28
96 0 1 25 0 1 526 0 0 1 0 32 1 98 172 3 14 0 43 3 40 0 0 1 0 0.0
94 0 1 25 0 1 129 1 0 1 0 16 3 81 35 3 12 0 27 3 24 1 0 1 0 0.0
91 0 1 5 3 1 59 0 0 0 0 0 1 87 16 4 0 0 8 7 1 0 0 0 0 0.0
189 2 5 47 0 5 216 0 0 1 1 23 8 55 9 37 41 22 559 117 442 0 0 1 1 0.071
10 0 1 5 0 2 197 0 0 1 0 49 1 83 61 5 16 0 60 5 55 0 0 1 0 0.0
181 1 3 24 0 3 775 0 0 1 1 54 4 85 19 47 58 87 971 169 802 0 0 1 1 0.149
183 0 2 5 1 2 115 0 0 1 0 18 2 90 20 28 29 7 331 109 222 0 0 1 0 0.066
186 2 2 50 1 3 1168 1 0 1 0 57 5 95 213 2 20 1 80 4 76 1 0 1 0 0.027
88 0 2 14 0 2 212 0 0 1 0 35 2 89 66 3 12 0 62 4 58 0 0 1 0 0.0
117 0 3 45 1 5 88 0 0 1 0 18 1 66 11 2 15 8 51 2 49 0 0 1 0 0.229
77 0 1 25 0 1 602 0 0 1 0 36 2 68 200 2 20 0 44 2 42 0 0 1 0 0.0
110 0 2 18 0 2 424 0 0 1 0 55 1 88 113 9 25 5 92 13 79 0 0 1 0 0.099
111 0 2 28 0 2 159 0 0 1 0 25 2 100 32 12 8 4 59 22 37 0 0 1 0 0.119
194 0 1 3 0 1 63 0 0 1 1 17 2 70 8 49 31 6 348 167 181 0 0 1 1 0.071
191 0 2 9 0 2 124 0 0 1 1 26 2 82 21 38 27 5 302 169 133 0 0 1 1 0.025
198 0 3 34 0 4 470 0 0 1 0 33 1 88 134 6 28 32 256 11 245 0 0 1 0 0.221
67 0 1 3 0 1 45 0 0 1 0 10 1 87 12 14 4 0 40 28 12 0 0 1 0 0.0
124 0 3 43 1 3 2925 0 0 1 0 102 1 94 527 3 21 4 114 8 106 0 0 1 0 0.07
133 2 2 50 0 2 387 1 0 1 0 44 4 74 74 2 19 0 51 2 49 1 0 1 0 0.0
131 2 2 36 1 2 1028 0 0 1 1 75 2 86 116 35 34 41 560 258 302 0 0 1 1 0.126
143 4 2 12 0 4 72 0 0 1 0 6 4 12 12 11 7 0 57 15 42 0 0 1 0 0.0
49 0 1 7 0 1 440 0 0 1 0 19 2 93 126 31 10 0 135 112 23 0 0 1 0 0.0
146 0 1 25 0 1 20 0 0 1 1 2 5 0 6 40 3 0 139 118 21 0 0 1 1 0.028
149 2 6 70 0 6 492 0 0 1 0 73 7 76 30 11 23 21 179 18 161 0 0 1 0 0.195
142 2 10 50 2 15 3788 0 0 1 0 149 2 87 317 29 33 7 311 148 163 0 0 1 1 0.042
158 5 9 49 5 19 3188 0 0 1 1 214 12 96 287 58 88 189 1898 330 1568 0 0 1 1 0.167
157 0 2 10 3 8 588 0 0 1 1 92 5 85 104 31 41 14 527 153 374 0 0 1 1 0.036
155 0 2 3 9 3 2939 0 0 1 1 117 1 99 783 35 37 7 322 155 167 0 0 1 1 0.041
154 1 3 11 0 3 435 0 0 1 1 46 6 0 57 33 46 42 1027 220 807 0 0 1 1 0.075
202 0 1 9 0 1 311 1 0 1 0 40 1 82 64 15 28 11 225 33 192 1 0 1 0 0.087
200 2 3 15 3 3 375 0 0 1 1 55 4 65 20 81 62 54 1405 526 879 0 0 1 1 0.057
169 0 2 8 1 2 1128 0 0 1 1 58 1 95 316 47 54 26 555 119 436 0 0 1 1 0.085
165 0 1 9 0 1 201 0 0 1 0 35 1 82 45 3 28 4 104 5 99 0 0 1 0 0.071
168 0 1 7 0 1 41 0 0 1 0 8 1 42 11 21 24 4 253 49 204 0 0 1 0 0.03
5 0 1 1 0 1 270 0 0 1 0 83 1 96 84 1 27 0 88 2 86 0 0 1 0 0.0
179 0 1 2 0 2 20 0 0 1 0 2 1 33 1 29 30 1 237 68 169 0 0 1 0 0.008
177 0 2 8 1 4 406 0 0 1 1 57 5 70 28 60 59 26 1061 242 819 0 0 1 1 0.047
174 0 5 21 5 6 1448 0 0 1 1 159 5 91 268 38 48 11 487 230 257 0 0 1 1 0.042
183 0 2 8 0 2 52 0 0 1 1 3 1 40 19 78 20 7 483 324 159 0 0 1 1 0.028
184 4 4 32 5 4 588 0 0 1 1 119 9 89 31 37 51 19 662 155 507 0 0 1 1 0.056
185 3 6 18 0 6 45 0 0 1 1 9 15 0 2 107 43 44 1737 879 858 0 0 1 1 0.048
186 0 1 1 1 4 815 0 0 0 1 57 2 95 191 1 39 6 316 2 314 0 0 0 1 0.036
119 0 1 9 1 1 191 0 0 1 0 29 2 87 45 1 15 2 45 1 44 0 0 1 0 0.08
125 0 2 8 0 2 1300 0 0 1 1 65 2 97 383 45 20 2 204 109 95 0 0 1 1 0.019
127 0 2 7 0 3 414 0 0 1 1 19 1 98 53 48 2 102 339 91 248 0 0 1 1 0.374
123 0 3 9 0 3 67 0 0 1 0 13 1 94 6 9 6 2 36 18 18 0 0 1 0 0.1
135 0 1 9 1 3 458 0 0 1 0 43 1 89 123 26 9 2 122 73 49 0 0 1 0 0.031
136 0 1 7 0 2 268 0 0 1 0 31 2 55 76 1 14 2 37 1 36 0 0 1 1 0.056
137 0 1 9 2 1 2954 0 0 1 0 101 1 94 532 3 31 6 159 9 150 0 0 1 0 0.07
131 0 1 1 0 2 131 0 0 1 1 18 1 86 22 91 3 5 605 578 27 0 0 1 1 0.016
144 2 2 20 1 2 1047 0 0 1 1 54 2 86 118 38 33 41 568 271 297 0 0 1 1 0.124
106 0 1 10 3 1 2064 0 0 1 0 68 1 97 445 3 24 28 144 4 140 0 0 1 0 0.277
102 0 1 6 0 1 98 0 0 0 0 6 1 58 7 0 1 2 25 0 25 0 0 1 0 0.114
97 0 3 3 0 3 82 0 0 0 0 2 1 91 23 7 0 0 12 9 3 0 0 0 0 0.0
195 3 7 43 1 9 3692 0 0 1 1 250 8 94 244 67 79 51 868 243 625 0 0 1 1 0.11
194 2 2 6 4 2 33 0 0 1 1 14 6 0 2 62 44 29 1024 405 619 0 0 1 1 0.053
197 2 2 13 1 4 1366 0 0 1 1 137 12 73 55 103 86 193 2197 602 1595 0 0 1 1 0.149
193 0 2 2 0 2 123 0 0 1 0 11 3 90 39 5 29 0 125 14 111 0 0 1 0 0.0
158 6 24 97 8 32 8804 0 0 1 1 647 31 93 190 57 90 195 1949 337 1612 0 0 1 1 0.153
155 0 14 45 4 17 4169 0 0 1 1 167 2 87 321 34 38 7 331 156 175 0 0 1 1 0.048
154 0 1 4 0 1 275 0 0 1 0 22 2 86 98 2 17 27 190 2 188 0 0 1 0 0.219
203 0 2 20 1 2 355 1 0 1 0 38 3 87 21 15 28 11 231 35 196 1 0 1 0 0.087
22 0 1 1 0 1 436 0 0 1 0 28 1 89 139 11 4 0 43 11 32 0 0 1 0 0.0
169 0 5 16 0 5 174 0 0 1 1 29 8 75 11 35 43 22 533 119 414 0 0 1 1 0.073
165 0 1 1 0 1 124 0 0 1 0 27 1 65 27 3 28 4 104 5 99 0 0 1 0 0.072
207 0 6 11 1 7 838 0 0 1 1 119 4 89 31 38 54 21 702 159 543 0 0 1 1 0.079
168 0 2 15 0 3 48 0 0 1 0 5 4 50 13 29 12 0 96 63 33 0 0 1 1 0.04
29 0 1 2 0 2 149 0 0 0 0 17 3 90 36 0 9 0 19 0 19 0 0 0 0 0.0
167 2 2 18 0 2 45 0 0 1 0 8 2 78 7 21 25 4 261 51 210 0 0 1 1 0.04
161 0 4 22 0 4 685 0 0 1 1 95 3 90 178 30 42 9 476 150 326 0 0 1 1 0.098
162 0 2 5 0 2 263 0 0 1 0 30 3 90 69 12 23 21 173 20 153 0 0 1 0 0.195
163 0 1 4 0 2 349 0 0 1 1 23 2 78 111 43 17 1 233 195 38 0 0 1 1 0.008
179 2 2 18 0 2 45 0 0 1 0 8 2 78 7 28 17 0 262 79 183 0 0 1 1 0.04
178 0 6 20 1 6 1014 0 0 1 1 134 11 93 48 59 59 26 1064 244 820 0 0 1 1 0.021
177 0 2 6 0 2 495 0 0 1 0 25 2 71 88 19 26 5 146 29 117 0 0 1 1 0.079
13 0 4 7 1 4 1089 0 0 1 0 61 2 98 243 13 31 0 75 14 61 0 0 1 1 0.0
170 2 5 26 6 7 4685 0 0 1 1 210 2 97 862 47 55 26 557 119 438 0 0 1 1 0.079
171 0 1 10 0 1 47 0 0 1 0 6 1 90 11 23 24 2 169 72 97 0 0 1 1 0.099
175 2 6 11 0 10 1310 0 0 1 1 124 6 92 167 38 51 11 505 234 271 0 0 1 1 0.04
173 0 1 10 0 1 20 0 0 1 0 7 3 0 3 21 12 0 100 52 48 0 0 1 1 0.067
187 4 7 37 4 11 3372 0 0 0 1 255 12 93 110 1 41 6 320 2 318 0 0 0 1 0.053
185 0 1 2 0 1 18 0 0 1 1 5 3 0 5 78 21 7 492 333 159 0 0 1 1 0.058
86 0 1 1 1 1 291 0 0 1 0 19 2 88 93 3 14 0 25 3 22 0 0 1 0 0.0
121 0 2 5 0 2 435 0 0 1 0 55 1 90 114 11 24 5 91 13 78 0 0 1 0 0.096
122 0 2 2 0 2 264 0 0 0 0 10 3 88 31 2 0 37 52 2 50 0 0 0 0 0.587
123 0 1 4 0 3 184 0 0 1 0 29 2 100 38 11 7 4 63 22 41 0 0 1 0 0.098
70 0 1 1 0 2 178 0 0 1 0 29 1 76 44 1 8 0 34 1 33 0 0 1 0 0.0
120 0 1 2 0 1 198 0 0 1 0 31 2 87 45 1 15 2 46 1 45 0 0 1 0 0.08
72 0 1 4 0 1 45 0 0 1 0 10 1 87 12 18 4 0 42 30 12 0 0 1 0 0.0
136 0 1 1 0 1 461 0 0 1 0 43 1 89 124 27 10 2 123 74 49 0 0 1 0 0.032
137 0 2 4 1 2 2964 0 0 1 0 101 1 94 534 3 31 6 159 9 150 0 0 1 0 0.069
63 0 1 2 0 1 71 1 0 1 0 5 1 76 21 10 1 0 31 23 8 1 0 1 0 0.0
143 0 4 16 0 4 1980 0 0 1 1 85 3 88 133 40 34 41 578 278 300 0 0 1 1 0.108
52 0 1 11 0 1 458 0 0 1 0 20 2 93 132 38 9 0 146 122 24 0 0 1 0 0.0
140 0 1 4 0 1 89 0 0 1 0 13 1 58 30 4 13 0 41 6 35 0 0 1 0 0.034
142 0 1 1 0 1 497 0 0 1 0 17 2 92 102 7 3 48 119 10 109 0 0 1 0 0.444
96 0 1 4 4 1 169 0 0 1 0 25 3 90 46 2 18 0 31 2 29 0 0 1 0 0.0
196 0 8 26 5 18 5787 0 0 1 1 285 7 90 102 68 80 56 904 246 658 0 0 1 1 0.108
192 0 1 9 0 1 166 0 0 1 1 34 1 88 44 45 57 59 615 141 474 0 0 1 1 0.122
159 0 1 9 1 1 534 0 0 1 0 105 1 97 139 1 25 7 125 2 123 0 0 1 0 0.101
157 0 4 20 1 7 401 0 0 1 0 35 1 95 110 1 8 2 51 2 49 0 0 1 0 0.074
155 0 1 10 0 1 78 0 0 1 0 22 4 0 23 1 4 2 37 1 36 0 0 1 0 0.098
151 0 1 22 0 1 370 0 0 1 0 55 2 86 92 2 20 8 76 3 73 0 0 1 0 0.174
203 2 8 54 9 8 4579 0 0 1 1 172 2 99 887 36 40 9 359 177 182 0 0 1 1 0.048
204 2 0 2 0 2 80 0 0 1 0 6 4 12 12 13 7 0 62 22 40 0 0 1 0 0.0
200 0 2 15 2 3 309 0 0 1 0 27 2 89 109 1 19 23 164 1 163 0 0 1 0 0.215
201 0 3 24 2 4 584 1 0 1 0 68 3 90 71 20 22 9 190 41 149 1 0 1 0 0.087
169 0 5 19 1 9 147 0 0 1 0 28 1 77 30 2 19 8 61 2 59 0 0 1 0 0.186
25 0 1 1 0 1 741 1 0 1 0 30 3 95 214 3 17 0 39 5 34 1 0 1 0 0.0
166 0 2 43 3 2 77 0 0 1 0 16 1 95 8 13 9 2 50 29 21 0 0 1 0 0.113
207 14 35 310 19 48 10531 0 0 1 1 754 37 94 127 66 89 188 2084 383 1701 0 0 1 1 0.154
165 0 1 22 0 1 1591 0 0 1 0 26 1 94 23 2 11 28 139 4 135 0 0 1 0 0.287
27 0 4 57 1 8 152 0 0 1 0 25 4 81 40 2 8 0 56 9 47 0 0 1 0 0.0
168 0 2 15 1 3 1383 0 0 1 1 67 2 97 406 56 20 2 234 138 96 0 0 1 1 0.016
209 0 1 1 0 1 263 0 0 1 0 30 3 90 69 14 24 21 173 20 153 0 0 1 0 0.195
3 0 1 3 0 1 53 0 0 0 0 20 2 0 9 0 15 0 25 0 25 0 0 0 0 0.0
161 0 2 14 1 3 150 0 0 1 0 0 1 0 0 6 4 23 125 61 64 0 0 1 0 0.258
7 0 3 18 0 4 58 0 0 1 0 11 1 70 13 3 3 0 19 4 15 0 0 1 0 0.0
5 0 2 36 1 2 371 0 0 1 0 98 1 97 110 1 26 0 103 2 101 0 0 1 0 0.0
32 0 2 33 4 2 533 0 0 1 0 21 2 95 151 35 10 0 150 125 25 0 0 1 0 0.0
212 0 2 3 1 3 1333 0 0 1 1 93 5 93 264 62 47 42 737 202 535 0 0 1 1 0.101
215 0 1 11 0 1 64 0 0 1 0 15 2 70 8 2 18 0 46 2 44 0 0 1 0 0.0
216 0 1 5 0 1 74 0 0 1 0 15 1 50 14 3 10 0 30 3 27 0 0 1 0 0.0
213 0 2 9 1 2 82 0 0 1 0 16 1 51 18 3 14 2 66 5 61 0 0 1 0 0.057
219 2 12 59 13 18 7811 0 0 1 1 351 7 97 883 55 57 26 603 134 469 0 0 1 1 0.088
217 12 19 113 2 20 2906 0 0 1 1 290 21 90 53 62 51 56 900 283 617 0 0 1 1 0.102
13 0 1 22 0 1 179 0 0 1 0 25 2 97 74 1 4 0 32 1 31 0 0 1 0 0.0
12 0 6 30 2 8 1333 0 0 1 1 76 2 98 300 13 38 0 88 14 74 0 0 1 1 0.023
170 0 2 38 0 2 148 0 0 1 0 28 3 77 35 1 20 2 38 1 37 0 0 1 0 0.095
171 0 1 11 0 1 1220 0 0 0 0 70 1 94 223 0 23 4 114 0 114 0 0 0 0 0.066
175 2 2 44 0 2 1061 0 0 1 0 55 2 84 178 3 2 1 68 5 63 0 0 1 0 0.029
172 0 1 11 2 1 469 0 0 1 0 42 1 89 127 28 12 2 122 73 49 0 0 1 0 0.032
223 6 13 87 4 15 2412 0 0 1 1 185 6 94 193 39 55 11 531 250 281 0 0 1 1 0.038
224 0 1 9 0 1 43 0 0 1 0 6 3 85 8 22 9 0 77 53 24 0 0 1 0 0.0
226 2 2 22 0 2 625 0 0 1 0 33 2 91 74 2 14 13 88 2 86 0 0 1 0 0.228
227 2 6 67 0 6 196 0 0 1 1 22 14 33 4 61 44 19 906 393 513 0 0 1 1 0.045
188 0 2 11 1 3 252 0 0 1 0 39 1 83 69 9 18 2 100 22 78 0 0 1 0 0.038
228 0 5 50 0 5 535 0 0 1 1 49 3 94 99 64 60 62 1453 514 939 0 0 1 1 0.047
229 0 6 49 3 6 790 0 0 1 0 67 3 84 122 22 34 42 329 47 282 0 0 1 0 0.247
182 0 2 38 0 2 128 0 0 1 0 19 2 75 35 4 17 5 44 4 40 0 0 1 0 0.185
185 3 6 87 1 6 2598 0 0 1 1 94 5 66 343 41 37 39 645 326 319 0 0 1 1 0.089
186 2 4 57 2 4 294 0 0 1 1 42 6 86 40 31 51 33 600 115 485 0 0 1 1 0.098
116 0 7 81 0 7 63 0 0 1 0 13 1 78 21 3 4 0 19 3 16 0 0 1 1 0.072
115 0 1 6 1 1 465 0 0 1 0 24 3 93 157 25 10 0 124 96 28 0 0 1 0 0.03
113 0 1 2 0 1 305 0 0 1 0 19 2 89 97 3 13 0 25 3 22 0 0 1 1 0.154
111 0 2 12 1 2 618 0 0 1 0 37 2 70 206 2 21 0 42 2 40 0 0 1 0 0.0
80 0 1 3 1 1 210 0 0 1 0 22 1 93 60 1 10 0 32 3 29 0 0 1 0 0.0
85 0 1 6 0 1 66 0 0 1 0 18 1 48 23 4 10 0 30 11 19 0 0 1 0 0.0
128 0 1 2 1 1 425 0 0 1 0 40 1 92 92 1 5 22 73 1 72 0 0 1 0 0.364
121 0 8 42 1 8 138 0 0 0 0 2 1 94 39 12 0 0 19 16 3 0 0 0 0 0.0
123 0 2 3 2 4 203 0 0 1 0 20 1 0 61 3 12 0 26 3 23 0 0 1 0 0.0
129 0 1 4 0 1 91 0 0 1 0 2 1 0 0 5 5 17 60 16 44 0 0 1 0 0.362
72 0 1 2 1 1 178 0 0 0 0 21 3 91 44 0 9 0 21 0 21 0 0 0 0 0.0
135 0 7 87 0 8 129 0 0 1 0 5 1 100 2 2 9 15 79 7 72 0 0 1 0 0.275
132 0 1 13 0 1 752 0 0 1 0 29 2 94 74 2 14 2 61 3 58 0 0 1 0 0.062
133 0 4 45 0 4 2285 0 0 1 0 70 1 97 472 6 25 28 163 8 155 0 0 1 0 0.259
131 0 1 22 0 1 100 0 0 1 0 9 1 64 9 1 3 2 19 1 18 0 0 1 0 0.174
144 0 10 55 4 11 582 0 0 1 0 48 2 93 78 3 21 6 108 4 104 0 0 1 0 0.097
145 0 2 2 0 2 513 0 0 1 1 20 1 98 61 55 2 118 425 100 325 0 0 1 1 0.355
52 0 3 23 0 3 244 0 0 1 0 39 1 61 65 3 5 0 50 4 46 0 0 1 0 0.0
140 0 6 32 1 7 576 0 0 1 0 54 2 93 147 2 16 20 116 3 113 0 0 1 0 0.256
91 0 1 22 0 1 210 0 0 1 0 18 1 89 74 2 3 0 24 2 22 0 0 1 0 0.162
88 0 1 10 0 1 38 0 0 1 0 8 1 28 12 3 2 0 17 4 13 0 0 1 0 0.0
240 0 1 6 0 1 97 0 0 1 0 9 3 80 15 7 11 4 47 12 35 0 0 1 0 0.136
241 26 34 321 10 35 2858 0 0 1 0 161 5 73 61 15 35 258 1148 38 1110 0 0 1 0 0.272
194 0 9 98 0 9 252 0 0 1 0 44 4 91 41 14 35 4 295 49 246 0 0 1 0 0.026
198 2 5 29 1 5 293 0 0 1 0 47 6 82 22 9 25 2 115 12 103 0 0 1 0 0.05
245 5 17 220 6 18 810 0 0 1 1 105 21 52 21 63 72 50 1273 331 942 0 0 1 1 0.072
243 0 3 23 1 3 336 0 0 1 1 65 7 92 41 57 54 9 825 187 638 0 0 1 1 0.013
248 5 13 68 8 16 7302 0 0 1 1 369 9 94 247 79 79 59 974 301 673 0 0 1 1 0.104
246 0 8 55 1 11 710 0 0 1 0 104 2 75 37 8 35 8 178 10 168 0 0 1 0 0.085
230 0 3 36 0 3 35 0 0 1 1 9 8 50 2 129 41 56 1819 936 883 0 0 1 1 0.074
232 70 77 659 26 97 4630 0 0 1 1 380 16 98 161 89 77 96 1134 299 835 0 0 1 1 0.147
231 0 6 35 1 6 130 0 0 1 0 25 5 50 5 35 33 1 245 72 173 0 0 1 0 0.01
234 3 12 81 2 13 836 0 0 1 1 99 10 86 55 101 76 118 1697 502 1195 0 0 1 1 0.116
236 11 14 208 1 14 3025 0 0 1 1 307 17 90 95 37 55 55 1016 198 818 0 0 1 1 0.092
238 0 1 13 0 1 61 0 0 1 0 10 2 60 15 33 29 6 273 77 196 0 0 1 0 0.044
251 0 4 23 0 4 79 0 0 1 0 21 2 87 15 11 19 0 93 12 81 0 0 1 0 0.0
253 0 4 20 0 4 49 0 0 1 1 6 1 38 13 53 23 8 344 238 106 0 0 1 1 0.034
158 0 1 2 1 1 179 0 0 1 0 15 1 87 45 2 9 2 24 2 22 0 0 1 0 0.143
34 0 1 17 1 1 300 0 0 1 0 45 1 88 105 19 9 0 76 30 46 0 0 1 0 0.0
38 0 2 27 0 2 71 1 0 1 0 5 1 76 21 10 1 0 31 23 8 1 0 1 0 0.0
153 0 2 9 0 3 574 0 0 1 0 27 3 94 179 24 10 2 131 99 32 0 0 1 0 0.029
150 0 3 23 0 4 233 0 0 1 0 32 2 86 75 2 18 2 47 4 43 0 0 1 0 0.118
202 0 1 4 1 1 343 0 0 1 0 30 2 89 126 1 20 23 168 1 167 0 0 1 0 0.213
203 0 1 6 0 2 315 1 0 1 0 35 1 90 71 20 23 9 190 42 148 1 0 1 0 0.041
204 0 2 5 0 2 79 0 0 1 0 21 2 87 15 8 14 0 65 9 56 0 0 1 0 0.0
23 0 2 5 0 2 89 0 0 1 0 21 1 71 20 3 9 0 28 3 25 0 0 1 0 0.0
168 0 1 5 2 2 1625 0 0 1 0 26 1 95 25 2 12 28 139 4 135 0 0 1 0 0.273
167 0 3 24 1 3 501 0 0 1 0 56 1 91 141 11 25 5 93 15 78 0 0 1 0 0.093
162 0 1 10 0 1 533 0 0 1 0 105 1 98 139 1 25 7 125 2 123 0 0 1 0 0.1
4 0 3 20 0 3 367 0 0 1 0 96 1 96 110 1 30 0 102 2 100 0 0 1 0 0.0
215 3 3 51 0 3 96 0 0 1 0 9 6 22 11 16 2 0 110 59 51 0 0 1 0 0.0
178 0 2 7 0 2 569 0 0 1 0 28 1 84 178 4 2 1 68 5 63 0 0 1 0 0.027
15 0 1 17 0 1 592 0 0 1 0 38 1 88 183 14 6 0 57 15 42 0 0 1 0 0.0
176 0 1 1 0 3 3074 0 0 1 0 105 1 94 560 4 33 6 162 9 153 0 0 1 0 0.067
16 0 1 10 0 1 74 0 0 1 0 12 2 58 23 11 6 0 31 15 16 0 0 1 0 0.0
170 0 2 23 0 2 1385 0 0 1 1 68 2 97 407 58 21 2 240 144 96 0 0 1 1 0.016
172 0 1 1 1 1 174 0 0 1 0 34 1 83 34 3 23 8 70 3 67 0 0 1 0 0.198
221 2 9 56 6 11 8216 0 0 1 1 361 7 97 902 58 66 30 623 135 488 0 0 1 1 0.082
223 0 4 27 1 6 2300 0 0 1 1 179 6 95 190 43 60 11 553 268 285 0 0 1 1 0.038
224 5 5 18 1 8 549 0 0 1 1 62 11 66 51 66 71 46 1178 302 876 0 0 1 1 0.079
188 0 1 10 0 1 352 0 0 1 0 14 1 89 111 9 20 2 102 22 80 0 0 1 0 0.038
182 0 1 1 0 1 69 0 0 1 0 11 2 91 19 4 16 5 44 4 40 0 0 1 0 0.182
183 0 3 16 3 3 577 0 0 1 0 58 2 78 98 19 30 2 179 54 125 0 0 1 0 0.021
186 0 1 17 0 1 282 1 0 1 0 36 1 78 87 4 23 0 67 4 63 1 0 1 0 0.0
114 0 1 6 1 1 627 0 0 1 0 38 2 68 208 2 20 0 43 2 41 0 0 1 0 0.0
128 0 1 17 1 1 529 0 0 1 0 33 1 98 173 4 16 0 44 4 40 0 0 1 0 0.0
122 0 1 2 0 1 159 0 0 0 0 2 1 95 45 15 0 0 23 20 3 0 0 0 0 0.0
72 0 2 23 1 2 430 0 0 1 0 26 2 96 135 1 17 0 36 1 35 0 0 1 0 0.0
134 0 5 33 4 5 2308 0 0 1 0 71 1 97 476 6 27 28 160 8 152 0 0 1 0 0.257
145 0 1 1 3 2 653 0 0 1 0 54 2 94 82 3 21 6 112 4 108 0 0 1 0 0.097
146 0 1 1 1 1 512 0 0 1 1 20 1 98 61 61 2 118 429 104 325 0 0 1 1 0.355
241 0 3 10 0 4 69 0 0 1 1 12 5 0 8 66 50 23 984 417 567 0 0 1 1 0.048
195 0 2 7 0 2 427 0 0 1 1 48 3 83 54 32 52 4 604 79 525 0 0 1 1 0.016
196 0 2 5 1 2 131 0 0 1 0 45 6 71 10 14 38 4 299 49 250 0 0 1 1 0.035
191 2 2 6 2 2 90 0 0 1 0 33 8 66 12 1 17 0 55 4 51 0 0 1 0 0.0
190 0 1 7 0 1 91 0 0 1 0 11 3 80 36 20 12 0 100 41 59 0 0 1 0 0.0
193 0 5 26 1 5 2449 0 0 1 1 208 9 91 203 39 63 5 430 142 288 0 0 1 1 0.03
198 0 1 2 0 1 104 0 0 1 0 18 3 79 22 2 19 6 78 2 76 0 0 1 0 0.133
244 4 11 61 9 22 7059 0 0 1 1 408 14 88 136 43 55 48 980 328 652 0 0 1 1 0.09
243 0 6 15 4 10 5160 0 0 1 1 193 4 88 338 52 41 13 519 316 203 0 0 1 1 0.047
246 0 3 9 0 3 373 0 0 1 1 34 2 81 60 50 68 56 1103 176 927 0 0 1 1 0.101
230 0 4 9 3 5 490 0 0 1 1 99 6 62 20 76 64 32 1286 515 771 0 0 1 1 0.079
239 0 3 22 0 3 51 0 0 1 1 3 2 50 2 143 53 90 2248 1274 974 0 0 1 1 0.101
231 0 5 35 3 5 1691 0 0 1 1 125 7 84 57 67 56 57 999 315 684 0 0 1 1 0.101
233 0 1 3 1 1 388 0 0 1 1 14 1 78 68 89 83 99 1152 297 855 0 0 1 1 0.145
236 0 2 6 1 3 289 0 0 1 0 29 1 85 58 23 18 28 290 66 224 0 0 1 0 0.159
238 0 10 64 6 15 1059 0 0 1 1 135 20 50 5 101 83 123 1876 514 1362 0 0 1 1 0.108
251 0 3 10 0 4 484 0 0 1 0 57 1 92 115 8 38 8 172 10 162 0 0 1 1 0.082
256 6 15 100 12 20 7105 0 0 1 1 498 25 92 93 69 96 200 2203 393 1810 0 0 1 1 0.15
255 0 8 26 4 8 6859 0 0 1 1 364 7 85 61 84 83 57 979 306 673 0 0 1 1 0.139