35 0 21 214 2 34 1399 1 1 1 0 123 1 94 268 20 26 19 295 88 207 1 1 1 0 0.133
36 0 1 4 0 1 43 1 1 1 0 6 2 0 11 2 1 2 15 2 13 1 1 1 0 0.2
33 0 2 30 0 5 102 0 1 1 0 19 1 83 18 2 5 2 35 2 33 0 1 1 0 0.1
34 0 3 27 0 4 437 0 0 1 0 28 1 79 68 8 4 2 58 13 45 0 0 1 0 0.063
38 0 7 120 0 10 450 1 1 1 0 59 2 90 83 10 18 18 138 39 99 1 1 1 0 0.198
43 0 1 22 0 1 113 1 0 1 0 10 2 66 6 1 4 2 34 2 32 0 0 1 0 0.099
42 0 22 250 0 40 1380 0 1 1 0 76 2 79 280 2 18 13 118 3 115 0 1 1 1 0.161
41 0 1 16 0 3 496 1 0 1 0 20 1 84 53 1 3 35 56 9 47 1 0 1 0 0.556
67 5 26 322 0 38 3073 1 1 1 0 117 7 82 29 23 21 60 449 79 370 1 1 1 0 0.205
66 11 14 195 0 31 329 0 0 1 0 41 13 100 24 20 9 12 177 84 93 0 0 1 1 0.113
22 0 3 60 0 5 154 0 1 0 0 29 1 83 18 0 10 5 55 0 55 0 1 1 0 0.129
24 0 2 38 0 2 233 1 1 1 0 10 2 83 45 5 1 2 30 14 16 1 1 1 0 0.093
25 0 1 21 0 3 159 0 1 1 0 21 2 72 18 1 6 11 53 1 52 0 1 1 0 0.293
26 0 6 45 1 7 65 0 0 1 0 11 1 0 0 6 1 6 42 21 21 0 0 1 1 0.128
27 0 1 22 0 1 135 0 0 1 0 16 1 60 20 1 2 5 42 3 39 0 0 1 0 0.182
28 0 1 13 0 2 120 0 0 0 0 6 1 78 15 2 0 5 22 2 20 0 0 1 0 0.263
29 0 2 28 0 4 100 0 1 1 0 9 1 0 17 2 5 2 25 2 23 0 1 1 0 0.138
2 0 3 34 0 3 102 0 1 1 0 5 1 50 14 1 1 0 13 1 12 0 1 1 0 0.37
1 0 1 13 0 2 96 0 0 0 0 2 1 79 17 2 0 0 11 3 8 0 0 0 0 0.0
0 0 1 22 0 3 126 1 0 1 0 27 1 80 26 5 8 0 41 5 36 1 0 1 0 0.0
30 0 69 640 2 76 21515 0 0 1 0 0 1 0 0 5 7 922 3176 21 3155 0 0 1 0 0.367
7 0 5 60 0 7 165 1 1 1 0 30 1 87 32 11 10 0 60 18 42 1 1 1 0 0.0
6 0 2 27 0 2 68 0 0 1 0 13 1 50 8 1 4 0 21 1 20 0 0 1 0 0.0
32 0 18 129 0 22 656 0 0 1 0 62 1 86 64 6 13 29 205 8 197 0 0 1 0 0.235
4 0 1 25 0 2 76 0 0 0 0 16 1 89 8 2 1 0 20 2 18 0 0 1 0 0.0
70 0 8 91 0 10 276 0 1 1 0 29 1 74 49 1 10 0 60 1 59 0 1 1 0 0.0
9 0 3 35 0 5 127 0 0 1 0 19 1 62 39 5 5 0 33 7 26 0 0 1 0 0.0
71 0 2 23 0 3 47 0 0 1 0 10 2 19 8 2 7 0 79 7 72 0 0 1 0 0.0
8 0 10 78 1 17 783 0 0 1 0 39 1 84 132 16 8 0 97 45 52 0 0 1 0 0.0
72 35 59 603 0 80 2604 0 1 1 1 267 3 95 299 15 32 38 517 92 425 0 1 1 1 0.124
74 0 3 53 0 6 60 0 0 1 0 12 3 60 5 6 6 4 61 17 44 0 0 1 0 0.16
59 13 20 272 0 30 585 0 0 1 1 137 13 68 17 14 21 24 355 34 321 0 0 1 1 0.128
58 2 7 70 0 12 321 0 0 1 0 60 2 75 28 7 15 19 181 17 164 0 0 1 0 0.213
57 0 1 17 0 1 81 0 0 1 1 11 1 76 14 23 9 16 256 100 156 0 0 1 1 0.132
19 0 2 20 0 3 35 0 0 0 0 9 1 0 5 6 0 0 27 14 13 0 0 1 1 0.07
56 2 6 50 0 11 248 0 0 1 0 47 6 0 4 19 15 14 284 75 209 0 0 1 1 0.128
55 0 3 53 0 6 92 1 0 1 0 25 2 50 20 1 8 0 46 3 43 1 0 1 0 0.0
17 0 2 17 0 4 90 0 0 1 0 8 2 100 25 1 2 0 11 1 10 0 0 1 0 0.0
18 0 2 49 0 5 83 0 1 1 0 22 1 51 18 4 6 0 35 5 30 0 1 1 0 0.0
16 0 3 29 0 4 97 0 0 1 0 7 1 0 24 3 3 0 13 3 10 0 0 1 0 0.0
12 0 1 17 0 1 24 0 0 1 0 5 1 0 5 1 3 0 6 1 5 0 0 1 0 0.0
20 0 2 22 0 5 50 0 1 1 0 13 1 50 5 7 5 0 29 11 18 0 1 1 0 0.0
64 19 19 229 0 27 1016 0 1 1 0 87 3 89 63 2 8 11 125 3 122 0 1 1 0 0.192
65 147 149 1407 4 169 1457 0 0 1 0 118 6 74 23 17 19 95 1018 201 817 0 0 1 0 0.156
60 8 18 268 0 36 940 0 1 1 1 157 9 74 17 8 22 26 423 32 391 0 1 1 1 0.108
61 0 2 35 0 3 77 0 0 1 0 13 1 100 14 9 10 6 136 43 93 0 1 1 1 0.161
49 138 138 1280 4 146 355 0 0 0 0 21 6 84 47 14 0 25 364 189 175 0 0 1 0 0.156
48 0 2 29 0 4 617 0 1 1 0 45 1 89 124 7 13 5 86 13 73 0 1 1 0 0.096
45 0 1 21 0 1 81 1 0 0 0 5 1 25 6 1 0 2 11 2 9 1 0 0 0 0.222
46 0 5 96 0 6 151 0 0 0 0 11 1 88 30 7 0 2 31 12 19 0 1 1 1 0.161
10 0 4 36 0 7 239 0 0 1 0 23 1 0 71 1 9 0 43 1 42 0 0 1 0 0.0
51 27 32 390 0 55 2246 0 0 1 1 256 4 79 49 7 28 13 370 29 341 0 0 1 1 0.07
52 8 33 368 3 45 1984 0 1 1 1 227 4 90 59 37 24 19 543 218 325 0 1 1 1 0.086
54 2 10 78 0 13 80 0 0 1 1 12 9 100 6 41 9 19 417 255 162 0 0 1 1 0.113
50 0 2 33 0 4 102 0 1 1 0 13 1 90 15 1 4 3 40 1 39 0 1 1 0 0.1
