17 0 3 24 0 4 70 0 1 1 0 9 1 86 11 1 4 2 20 1 19 0 1 1 0 0.167
36 17 41 248 2 49 1342 0 1 1 0 157 8 84 29 12 9 29 305 70 235 0 1 1 1 0.27
18 0 12 129 0 12 164 1 1 1 0 28 1 91 30 1 8 4 46 2 44 1 1 1 0 0.163
33 2 13 119 2 16 205 0 1 1 0 41 2 0 6 5 12 4 109 18 91 0 1 1 1 0.152
39 0 2 3 0 3 110 0 1 1 0 15 1 64 19 1 4 0 42 1 41 0 1 1 0 0.0
13 0 4 42 1 4 52 0 1 1 0 11 1 82 9 6 3 0 22 8 14 0 1 1 0 0.0
38 0 2 15 0 2 63 1 0 1 0 3 1 25 6 7 1 2 21 10 11 0 0 1 0 0.148
12 0 11 58 1 16 464 1 1 0 0 35 1 88 79 0 5 0 48 0 48 0 1 0 0 0.101
21 0 4 43 2 4 391 0 0 1 0 18 1 67 52 4 2 2 45 11 34 0 0 1 0 0.077
42 40 65 569 12 79 1278 0 0 1 1 196 15 84 24 20 16 32 425 87 338 0 1 1 1 0.152
40 128 191 1300 23 233 3578 0 1 1 1 376 13 92 168 15 25 83 798 66 732 0 1 1 1 0.27
46 34 58 455 3 68 1376 0 1 1 1 153 6 66 15 14 22 39 369 48 321 0 1 1 1 0.27
22 0 51 341 9 63 950 1 1 1 0 86 1 94 191 13 22 8 164 32 132 1 1 1 0 0.084
26 0 6 17 0 7 496 1 0 1 0 20 1 84 53 1 4 35 56 9 47 1 0 1 0 0.556
27 0 19 84 6 23 745 0 1 1 0 49 1 98 79 16 8 4 108 51 57 0 1 1 1 0.27
28 0 2 13 0 2 55 0 0 1 0 2 1 72 7 14 2 5 73 60 13 0 0 1 0 0.114
3 0 2 15 0 2 99 0 0 1 0 13 2 80 15 2 2 0 21 3 18 0 0 1 0 0.0
10 0 1 22 1 1 87 0 0 1 0 11 1 36 12 1 3 0 17 1 16 0 0 1 0 0.0
0 0 4 51 0 4 140 1 0 1 0 24 1 80 25 5 6 0 37 7 30 1 0 1 0 0.0
30 0 17 134 1 18 576 0 1 1 0 40 1 89 114 7 11 5 77 11 66 0 1 1 0 0.141
