19 0 1 10 1 4 126 0 0 1 0 12 1 52 22 1 2 2 21 2 19 0 0 1 0 0.154
17 0 8 55 1 11 74 1 1 1 0 22 1 89 8 1 10 4 38 1 37 1 1 1 0 0.148
36 0 1 2 0 4 40 0 0 1 0 0 2 75 11 9 8 4 129 30 99 0 0 1 1 0.156
18 0 43 243 2 46 9322 0 0 1 0 0 1 0 0 5 2 254 1035 11 1024 0 0 1 0 0.323
33 13 25 191 1 39 253 0 0 1 0 66 8 81 8 6 10 8 133 20 113 0 0 1 1 0.156
15 0 5 42 4 9 67 0 1 1 0 5 1 87 8 2 2 2 19 4 15 0 1 1 0 0.125
34 6 10 42 0 19 112 0 0 1 0 21 9 0 10 13 6 2 77 35 42 0 0 1 1 0.143
14 0 18 95 2 30 409 0 0 1 0 46 1 84 57 3 8 17 106 14 92 0 0 1 0 0.239
37 9 18 143 3 31 311 1 0 1 0 69 6 0 7 10 15 18 237 57 180 0 0 1 1 0.156
12 0 8 52 0 11 220 0 1 0 0 25 1 25 36 1 7 0 36 1 35 0 1 1 0 0.332
42 10 35 214 2 44 352 0 1 1 0 35 4 50 12 6 10 4 79 15 64 0 1 1 0 0.177
41 6 33 201 2 42 635 0 0 1 0 67 2 87 94 2 12 1 80 2 78 0 0 1 0 0.022
40 0 2 5 0 3 88 0 1 0 0 12 1 63 13 1 4 0 35 1 34 0 1 1 0 0.0
49 2 7 60 2 20 293 0 0 1 1 61 5 0 7 22 9 19 219 105 114 0 0 1 1 0.084
48 9 18 136 2 29 436 0 0 1 0 79 4 61 5 4 11 10 197 8 189 0 1 1 1 0.172
45 12 15 85 4 18 362 0 1 1 0 37 3 89 22 2 8 12 81 4 77 0 0 1 1 0.131
44 10 24 154 1 50 245 0 0 1 0 43 17 0 4 17 11 24 343 170 173 0 0 1 1 0.143
23 0 1 3 0 2 64 0 1 0 0 10 1 0 7 1 3 2 23 1 22 0 0 1 0 0.076
24 0 1 9 0 4 236 0 1 1 0 11 1 71 13 4 4 24 84 30 54 0 1 1 0 0.332
27 0 6 39 1 10 230 0 0 1 0 20 1 87 40 7 2 4 46 13 33 0 0 1 1 0.156
28 0 7 62 5 10 659 0 1 1 0 43 1 89 124 6 12 5 75 8 67 0 1 1 0 0.115
29 115 116 771 3 135 1811 0 0 1 0 91 14 96 21 11 1 18 379 126 253 0 0 1 0 0.091
1 0 5 36 0 9 182 0 0 1 0 17 1 48 22 4 6 0 30 8 22 0 0 1 0 0.082
0 0 1 3 2 4 150 1 0 1 0 26 1 81 26 5 9 0 37 5 32 1 0 1 0 0.0
30 0 3 17 0 6 229 1 1 0 0 8 2 80 45 6 0 0 31 9 22 1 1 0 0 0.0
7 0 1 9 4 4 171 0 1 1 0 9 1 78 24 2 2 0 16 4 12 0 1 1 0 0.0
6 0 1 10 0 4 55 0 0 0 0 21 1 33 9 1 0 0 24 1 23 0 0 0 0 0.0
9 0 1 7 0 4 87 0 0 1 0 11 1 36 12 1 3 0 17 1 16 0 0 1 0 0.0
8 0 1 3 0 3 36 0 0 0 0 2 1 0 14 2 0 0 7 2 5 0 0 0 0 0.0
