59 14 25 153 6 37 522 0 0 1 0 86 6 60 12 5 9 10 197 10 187 0 0 1 0 0.092
33 0 7 37 2 11 655 0 1 1 0 44 1 89 118 7 14 5 78 9 69 0 1 1 0 0.118
13 0 1 15 1 1 75 0 0 1 0 14 1 87 8 3 2 0 20 3 17 0 0 1 1 0.148
14 0 5 24 0 5 61 0 0 1 0 17 1 83 10 1 3 0 22 1 21 0 0 1 0 0.0
11 0 1 27 0 3 144 0 0 0 0 2 2 80 32 1 1 0 9 3 6 0 0 0 0 0.0
21 0 1 16 0 1 43 0 1 0 0 8 1 28 9 4 1 0 15 4 11 0 1 1 0 0.0
20 0 1 4 0 1 39 0 0 0 0 1 1 0 6 4 0 0 8 6 2 0 0 0 0 0.0
42 2 3 55 2 5 21 0 0 1 0 5 4 0 2 3 2 0 15 5 10 0 0 1 0 0.049
63 0 7 55 5 11 341 1 0 1 0 53 4 0 3 15 10 22 248 69 179 1 0 1 0 0.132
60 2 21 171 6 24 905 0 1 1 1 84 2 82 57 3 19 4 108 12 96 0 0 1 0 0.243
49 0 7 31 1 8 148 0 1 1 1 24 2 82 18 24 4 1 149 102 47 0 1 1 1 0.015
23 0 5 42 4 5 74 0 1 0 0 8 1 85 8 0 5 6 24 0 24 0 1 0 0 0.316
24 0 4 50 0 7 80 1 1 1 0 22 1 87 9 1 13 4 40 1 39 1 1 1 0 0.174
28 0 5 53 3 5 82 0 1 1 0 9 1 89 8 2 3 6 28 2 26 0 1 1 0 0.229
3 0 3 14 0 3 161 0 0 1 0 13 1 69 33 1 3 0 17 2 15 0 0 1 0 0.16
1 0 8 31 1 10 148 1 0 1 0 26 1 81 24 5 7 0 37 5 32 1 0 1 0 0.0
6 0 1 27 1 1 110 0 0 1 0 11 1 43 13 2 2 0 20 6 14 0 0 1 0 0.0
5 0 1 14 1 2 36 0 0 1 0 13 1 33 6 2 4 0 17 2 15 0 0 1 0 0.123
52 13 13 210 7 25 694 0 0 1 1 102 9 40 9 19 12 5 208 73 135 0 0 1 1 0.063
50 0 6 42 2 7 391 0 1 1 0 42 5 83 21 10 6 26 147 44 103 0 1 1 0 0.364
