109 3 1 0 6 3 3
108 2 1 0 14 8 6
107 53 3 0 126 109 17
106 0 2 0 14 0 14
105 2 1 0 9 2 7
104 1 6 0 17 1 16
103 1 10 0 23 1 22
102 1 0 0 7 1 6
263 10 0 1 30 15 15
101 17 10 0 45 27 18
262 2 0 1 15 4 11
100 1 14 0 25 1 24
261 8 39 8 179 11 168
260 152 53 162 2884 1396 1488
259 3 8 0 52 15 37
258 93 88 95 2224 721 1503
257 7 3 0 17 7 10
256 2 2 0 43 3 40
255 69 39 10 466 254 212
254 7 10 4 51 12 39
253 44 48 49 996 330 666
252 52 41 13 528 325 203
251 7 19 2 76 10 66
250 53 45 23 869 233 636
249 107 78 99 1642 484 1158
248 0 8 0 17 0 17
247 23 10 3 137 109 28
246 24 18 28 297 68 229
245 25 16 0 80 36 44
244 5 9 0 30 6 24
243 90 81 99 1172 304 868
242 28 37 16 347 99 248
241 66 52 57 1010 321 689
240 66 33 10 635 316 319
99 1 0 0 3 1 2
98 6 0 0 8 6 2
97 28 1 0 46 41 5
96 11 2 0 16 13 3
95 5 2 0 24 22 2
94 2 7 0 15 2 13
93 3 2 0 17 4 13
92 2 14 0 30 2 28
91 2 0 0 8 2 6
90 5 10 0 32 13 19
239 42 43 2 411 138 273
238 2 13 13 90 2 88
237 40 7 3 218 175 43
236 71 42 28 1121 457 664
235 44 56 11 557 271 286
234 11 11 2 53 17 36
233 57 66 28 624 135 489
232 51 30 3 338 192 146
231 5 6 0 87 35 52
230 19 23 0 153 49 104
199 9 20 2 102 22 80
198 18 22 41 252 41 211
197 4 24 0 68 4 64
196 2 4 0 39 4 35
195 8 2 48 125 11 114
194 19 30 2 187 55 132
193 4 16 5 45 4 41
192 7 3 2 33 16 17
191 2 5 0 28 7 21
190 84 52 3 479 298 181
89 1 3 0 20 1 19
88 3 1 0 22 4 18
87 9 1 0 38 30 8
86 3 3 0 13 3 10
85 1 10 0 32 3 29
84 1 6 0 13 1 12
83 6 1 0 14 7 7
82 1 1 0 4 2 2
81 0 3 0 6 0 6
80 1 5 0 10 1 9
229 3 9 0 31 3 28
228 1 18 0 55 2 53
227 3 4 0 81 21 60
226 3 33 4 108 5 103
225 63 48 40 710 201 509
224 14 27 21 181 20 161
223 13 32 210 1138 81 1057
222 12 63 43 534 22 512
221 68 92 199 2260 397 1863
189 1 12 2 43 3 40
220 9 8 0 35 16 19
188 2 15 0 38 2 36
187 4 2 1 72 5 67
186 3 12 0 47 5 42
185 1 3 0 12 6 6
184 6 33 6 168 11 157
183 28 10 2 123 75 48
182 0 24 4 116 0 116
181 1 19 2 39 1 38
180 3 21 8 65 3 62
79 3 8 0 30 3 27
78 2 2 0 16 10 6
77 5 1 0 8 5 3
76 1 4 0 48 1 47
75 0 11 0 26 0 26
74 1 17 0 37 1 36
73 1 7 0 17 1 16
72 8 0 0 20 18 2
71 1 4 0 14 1 13
70 1 3 0 27 1 26
219 67 47 15 955 430 525
218 59 73 100 1772 360 1412
217 13 7 0 62 22 40
216 17 19 0 87 26 61
215 69 35 4 419 271 148
214 8 16 0 68 9 59
213 1 21 23 170 1 169
212 4 6 0 18 5 13
211 12 10 2 46 19 27
179 7 0 2 21 16 5
210 2 20 6 78 2 76
178 60 21 2 239 143 96
177 2 12 28 149 4 145
176 15 10 4 63 29 34
175 11 28 5 97 15 82
174 1 17 2 48 1 47
173 2 4 5 49 3 46
172 6 4 23 132 67 65
171 0 9 2 26 0 26
170 1 22 7 126 2 124
69 0 8 0 21 0 21
68 1 6 0 13 1 12
67 1 1 0 5 1 4
66 2 0 0 5 2 3
65 11 1 0 32 13 19
64 3 4 0 12 3 9
63 15 4 0 29 19 10
62 3 1 0 11 3 8
61 1 2 0 5 1 4
60 3 4 0 14 3 11
209 27 5 0 57 39 18
208 15 39 6 334 54 280
207 32 46 5 610 80 530
206 10 7 1 35 13 22
205 39 59 7 458 141 317
204 29 22 13 211 58 153
203 1 17 0 53 4 49
202 20 11 0 103 42 61
201 49 7 0 126 114 12
169 2 5 4 28 2 26
200 2 17 2 69 4 65
168 1 8 2 50 2 48
167 1 7 2 16 1 15
166 2 9 2 24 2 22
165 3 0 2 22 8 14
164 2 11 2 29 2 27
163 4 2 2 12 4 8
162 1 6 5 53 1 52
161 27 10 2 132 100 32
160 2 22 5 78 3 75
59 0 8 0 17 0 17
58 7 1 0 10 8 2
57 3 1 0 12 3 9
56 2 0 0 3 2 1
55 2 6 0 17 2 15
54 3 5 0 50 4 46
53 1 6 0 13 1 12
52 2 0 0 8 2 6
51 2 4 0 6 2 4
50 2 0 0 8 2 6
159 2 11 2 32 3 29
158 3 15 4 60 5 55
157 110 3 5 714 684 30
156 8 1 6 16 11 5
155 0 7 2 51 0 51
154 64 2 120 437 108 329
153 3 24 6 112 4 108
152 11 8 4 73 25 48
151 2 0 37 52 2 50
150 1 5 11 38 8 30
49 1 4 0 15 1 14
48 36 4 0 108 100 8
47 1 12 0 17 1 16
46 0 12 0 27 0 27
45 2 3 0 16 2 14
44 15 5 0 44 31 13
43 27 7 0 85 50 35
42 1 6 0 18 1 17
41 1 0 0 5 1 4
40 1 5 0 21 1 20
149 2 17 20 117 3 114
148 1 11 2 21 1 20
147 0 20 2 56 0 56
146 2 5 8 43 9 34
145 3 3 2 12 3 9
144 2 9 15 79 7 72
143 2 6 2 23 2 21
142 6 26 28 162 8 154
141 2 14 2 61 3 58
140 1 4 2 23 1 22
39 13 1 0 35 27 8
38 10 1 0 20 11 9
37 1 0 0 10 1 9
36 9 6 0 24 11 13
35 1 2 0 12 1 11
34 20 9 0 78 32 46
33 37 11 0 155 127 28
32 0 9 0 14 0 14
31 1 16 0 37 1 36
30 46 2 0 95 90 5
139 1 2 2 31 1 30
138 5 5 17 60 16 44
137 1 5 22 78 1 77
136 4 16 0 44 4 40
135 2 0 0 8 2 6
134 3 12 0 29 3 26
133 2 5 0 22 2 20
132 3 11 0 24 3 21
131 2 2 0 11 2 9
130 3 1 0 17 12 5
29 2 8 0 57 10 47
28 10 0 0 14 13 1
27 5 19 0 43 7 36
26 16 0 0 47 45 2
25 1 7 0 12 1 11
24 1 1 0 8 1 7
23 4 9 0 29 4 25
22 1 9 0 21 1 20
21 2 0 0 8 2 6
20 2 1 0 11 2 9
9 6 20 0 63 6 57
8 9 1 0 17 12 5
129 16 0 0 24 21 3
7 9 4 0 36 22 14
6 3 3 0 19 4 15
128 2 23 0 42 2 40
5 6 1 0 9 7 2
127 1 7 0 12 1 11
4 1 30 0 110 2 108
126 9 10 0 70 19 51
3 20 2 0 61 58 3
125 1 5 0 12 1 11
124 15 0 0 54 53 1
2 0 16 0 28 0 28
123 4 2 0 13 4 9
1 1 9 0 15 1 14
122 3 13 0 26 3 23
0 2 0 0 8 2 6
121 18 1 0 31 26 5
120 3 1 0 17 3 14
19 2 2 0 9 3 6
18 6 3 0 18 7 11
17 1 3 0 14 1 13
16 11 6 0 31 15 16
15 15 6 0 59 16 43
14 8 12 0 56 37 19
13 0 4 0 15 0 15
12 3 1 0 6 4 2
11 1 4 0 32 1 31
10 1 0 0 8 1 7
119 2 23 0 47 2 45
118 1 0 0 3 1 2
117 2 0 0 8 2 6
116 1 11 0 18 1 17
115 9 8 0 35 11 24
114 5 0 0 8 6 2
113 5 11 0 21 5 16
112 14 7 0 41 19 22
111 6 2 0 19 7 12
110 1 9 0 34 1 33

