109 3 3 2 12 3 9
108 2 6 2 25 2 23
107 2 18 2 65 2 63
106 3 24 28 144 4 140
105 4 2 2 12 4 8
104 2 12 2 61 3 58
103 1 2 2 13 1 12
102 0 1 2 25 0 25
101 3 14 0 43 3 40
100 1 0 0 8 2 6
99 3 11 0 29 3 26
98 2 0 0 8 2 6
97 7 0 0 12 9 3
96 1 2 0 5 1 4
95 2 18 0 31 2 29
94 3 13 0 64 4 60
93 1 7 0 12 1 11
92 0 8 0 17 0 17
91 7 1 0 10 8 2
90 3 1 0 12 3 9
199 3 0 0 16 4 12
198 1 7 19 80 16 64
197 103 86 193 2197 602 1595
196 11 19 0 94 12 82
195 67 79 51 868 243 625
194 62 44 29 1024 405 619
193 5 29 0 125 14 111
192 2 0 1 15 4 11
191 44 55 59 614 141 473
190 13 5 0 56 35 21
89 2 0 0 3 2 1
88 2 5 0 48 3 45
87 1 6 0 13 1 12
86 26 7 0 115 94 21
85 3 14 0 25 3 22
84 15 1 0 29 24 5
83 2 0 0 8 2 6
82 2 19 0 41 2 39
81 1 8 0 14 1 13
80 1 6 0 22 1 21
189 14 28 5 144 19 125
188 7 3 0 17 7 10
187 7 11 4 44 12 32
186 1 39 6 316 2 314
185 107 43 44 1737 879 858
184 37 51 19 662 155 507
183 78 20 7 483 324 159
182 2 5 0 19 6 13
181 21 10 3 114 87 27
180 23 16 4 119 49 70
79 1 0 0 8 2 6
78 26 4 0 87 79 8
77 9 9 0 35 11 24
76 4 11 0 20 4 16
75 12 5 0 36 17 19
74 0 12 0 27 0 27
73 2 3 0 16 2 14
72 18 7 0 47 30 17
71 20 8 0 83 48 35
70 1 8 0 34 1 33
179 29 30 1 237 68 169
178 35 36 22 610 125 485
177 60 59 26 1061 242 819
176 19 26 5 142 28 114
175 2 13 13 86 2 84
174 38 48 11 487 230 257
173 1 2 0 32 2 30
172 19 12 0 99 51 48
171 26 2 0 87 69 18
170 24 23 2 169 72 97
69 1 5 0 16 1 15
68 3 1 0 6 3 3
67 2 1 0 14 8 6
66 47 3 0 116 99 17
65 1 7 0 21 1 20
64 2 0 0 8 2 6
63 10 1 0 31 23 8
62 9 1 0 20 11 9
61 1 10 0 23 1 22
60 1 0 0 7 1 6
206 39 15 9 361 141 220
205 8 32 6 258 18 240
204 6 0 0 23 10 13
203 2 19 1 73 4 69
202 15 28 11 225 33 192
201 2 19 8 126 3 123
169 47 54 26 555 119 436
200 81 62 54 1405 526 879
168 21 24 4 253 49 204
167 28 12 0 91 62 29
166 2 15 0 41 2 39
165 3 28 4 104 5 99
164 15 2 0 109 57 52
163 43 17 1 229 191 38
162 12 23 21 173 20 153
161 9 6 0 30 13 17
160 2 13 2 48 3 45
59 17 8 0 41 25 16
58 1 12 0 20 1 19
57 1 0 0 3 1 2
56 6 0 0 8 6 2
55 22 1 0 37 32 5
54 18 9 0 72 26 46
53 9 2 0 15 12 3
52 37 9 0 145 122 23
51 2 2 0 18 2 16
50 3 2 0 17 15 2
159 44 37 7 551 232 319
158 58 88 189 1898 330 1568
157 31 41 14 527 153 374
156 12 7 0 62 22 40
155 35 37 7 322 155 167
154 33 46 42 1027 220 807
153 2 17 27 190 2 188
152 15 8 5 105 21 84
151 11 8 2 42 18 24
150 23 5 0 54 38 16
49 2 5 0 15 2 13
48 4 10 0 28 11 17
47 5 1 0 24 5 19
46 2 3 0 13 2 11
45 1 12 0 33 1 32
44 0 9 0 14 0 14
43 1 15 0 37 1 36
42 6 1 0 14 7 7
41 1 1 0 4 2 2
40 39 2 0 84 79 5
149 10 6 1 35 13 22
148 16 8 1 56 29 27
147 18 10 0 92 37 55
146 33 6 0 71 60 11
145 2 22 0 63 2 61
144 38 33 41 568 271 297
143 3 15 5 42 3 39
142 4 13 0 41 6 35
141 1 4 0 74 14 60
140 1 12 2 43 3 40
39 0 3 0 6 0 6
38 2 5 0 19 2 17
37 1 0 0 7 1 6
36 9 0 0 14 13 1
35 13 0 0 45 43 2
34 1 8 0 12 1 11
33 2 2 0 16 10 6
32 4 1 0 7 4 3
31 1 4 0 48 1 47
30 1 0 0 8 2 6
139 3 1 1 54 4 50
138 5 1 0 37 13 24
137 3 31 6 159 9 150
136 1 14 2 37 1 36
135 26 9 2 122 73 49
134 0 20 4 114 0 114
133 1 16 2 37 1 36
132 2 11 2 30 3 27
131 91 3 5 605 578 27
130 5 1 6 14 9 5
29 0 9 0 19 0 19
28 1 6 0 17 1 16
27 2 9 0 21 2 19
26 1 2 0 8 2 6
25 1 3 0 15 1 14
24 8 0 0 20 18 2
23 10 6 0 31 14 17
22 10 4 0 42 10 32
21 7 6 0 50 37 13
20 1 3 0 27 1 26
9 8 1 0 17 12 5
8 7 4 0 36 22 14
7 8 1 0 28 9 19
129 0 8 2 51 0 51
6 2 1 0 7 5 2
128 2 15 8 54 2 52
5 1 27 0 88 2 86
127 48 2 102 339 91 248
4 15 2 0 59 56 3
126 6 0 2 21 16 5
3 0 13 0 23 0 23
125 45 20 2 204 109 95
2 2 2 0 9 2 7
124 2 10 19 88 4 84
1 2 0 0 8 2 6
123 9 6 2 36 18 18
0 1 0 0 8 2 6
122 10 7 4 59 22 37
121 3 0 37 53 3 50
120 11 24 5 91 13 78
19 0 9 0 21 0 21
18 1 5 0 10 1 9
17 1 6 0 13 1 12
16 3 1 0 6 4 2
15 1 1 0 5 1 4
14 1 3 0 26 1 25
13 13 30 0 75 14 61
12 1 0 0 8 1 7
11 1 0 0 5 2 3
10 5 16 0 60 5 55
119 1 15 2 45 1 44
118 2 4 5 47 3 44
117 6 12 5 57 9 48
116 0 9 2 26 0 26
115 1 24 7 113 2 111
114 2 4 4 28 2 26
113 7 3 26 74 8 66
112 1 9 2 21 1 20
111 3 0 2 22 8 14
110 0 8 2 23 0 23

