109 1 12 5 41 1 40
108 2 16 19 139 6 133
107 0 13 4 94 0 94
106 1 14 2 40 1 39
105 2 11 2 30 3 27
104 7 11 4 64 13 51
103 77 4 5 571 544 27
102 3 1 6 11 6 5
101 2 14 8 51 2 49
100 40 2 51 340 92 248
99 2 18 4 82 3 79
98 2 10 0 43 3 40
97 1 0 0 8 2 6
96 2 11 0 27 3 24
95 2 0 0 8 2 6
94 16 9 0 84 37 47
93 4 0 0 7 6 1
92 1 2 0 5 1 4
91 2 13 0 34 2 32
90 3 8 0 62 4 58
89 0 6 0 12 1 11
88 0 6 0 17 0 17
87 1 0 0 3 2 1
86 2 5 0 34 3 31
85 1 5 0 13 1 12
84 20 7 0 109 85 24
83 14 27 0 124 42 82
82 2 9 0 28 3 25
81 13 1 0 28 23 5
80 1 0 0 8 2 6
79 2 16 0 44 2 42
78 0 6 0 14 1 13
77 1 0 0 8 2 6
76 6 2 0 27 11 16
75 1 4 0 16 1 15
74 21 2 0 85 77 8
73 5 9 0 38 11 27
72 1 9 0 20 4 16
71 9 5 0 38 17 21
70 12 3 0 40 28 12
173 15 23 9 207 50 157
172 37 41 17 924 227 697
171 21 6 0 62 45 17
170 52 30 21 867 303 564
69 18 9 0 84 46 38
68 0 3 0 16 1 15
67 3 1 0 6 3 3
66 1 1 0 13 8 5
65 39 3 0 115 98 17
64 0 7 0 22 1 21
63 2 0 0 8 2 6
62 1 10 0 33 2 31
61 8 0 0 31 20 11
60 9 1 0 20 11 9
169 61 29 5 464 326 138
168 3 0 0 24 6 18
167 80 18 9 976 527 449
166 31 24 5 299 169 130
165 1 10 0 54 5 49
164 1 14 1 57 1 56
163 27 38 21 604 152 452
162 10 8 0 128 34 94
161 36 20 4 213 90 123
160 6 0 0 23 10 13
59 1 2 0 8 1 7
58 0 11 0 26 1 25
57 12 9 0 41 25 16
56 1 0 0 3 1 2
55 3 0 0 7 5 2
54 0 19 0 50 0 50
53 18 1 0 35 30 5
52 13 5 0 64 25 39
51 8 2 0 15 12 3
50 1 6 0 18 1 17
159 1 18 1 80 4 76
158 12 15 3 66 21 45
157 2 26 2 181 8 173
156 3 13 0 97 8 89
155 9 30 6 181 21 160
154 2 0 1 15 4 11
153 4 32 13 205 11 194
152 3 3 0 16 6 10
151 9 4 0 19 11 8
150 24 21 1 192 65 127
49 5 2 0 17 15 2
48 3 10 0 28 11 17
47 1 1 0 6 2 4
46 4 1 0 23 5 18
45 2 3 0 13 2 11
44 1 8 0 34 1 33
43 1 14 0 35 1 34
42 26 2 0 78 73 5
41 0 3 0 6 0 6
40 2 3 0 19 2 17
149 39 28 6 323 190 133
148 50 37 8 533 217 316
147 25 41 14 672 153 519
146 3 0 0 38 12 26
145 79 65 67 1276 406 870
144 1 8 0 40 2 38
143 29 15 6 177 114 63
142 7 6 0 43 11 32
141 76 61 48 1582 482 1100
140 1 2 0 32 2 30
39 0 0 0 7 1 6
38 4 0 0 14 13 1
37 7 0 0 39 37 2
36 0 7 0 12 1 11
35 0 2 0 15 9 6
34 0 8 0 22 0 22
33 1 1 0 11 1 10
32 1 6 0 20 1 19
31 3 1 0 7 4 3
30 1 0 0 8 2 6
139 19 2 0 87 68 19
138 30 26 4 322 92 230
137 17 10 0 157 56 101
136 2 0 0 7 3 4
135 9 31 2 238 19 219
134 2 12 0 44 4 40
133 3 2 9 56 11 45
132 58 43 52 1213 509 704
131 1 18 17 137 5 132
130 7 11 0 46 14 32
29 1 5 0 17 1 16
28 1 6 0 24 2 22
27 1 2 0 8 2 6
26 16 4 0 70 62 8
25 0 3 0 19 1 18
24 7 0 0 17 15 2
23 0 4 0 6 0 6
22 8 6 0 32 13 19
21 7 4 0 42 9 33
20 3 6 0 47 31 16
9 8 1 0 17 12 5
8 4 4 0 35 21 14
7 7 1 0 28 9 19
129 8 2 0 91 39 52
6 3 1 0 7 5 2
128 7 6 0 30 13 17
5 0 5 0 9 0 9
127 2 13 2 51 3 48
4 0 21 0 89 2 87
126 9 16 0 91 16 75
3 12 2 0 54 51 3
125 38 13 0 140 104 36
2 0 10 0 23 0 23
124 21 29 0 171 90 81
1 2 2 0 9 2 7
123 20 32 5 341 77 264
0 1 0 0 8 2 6
122 8 6 2 45 18 27
121 2 5 0 23 7 16
120 9 7 1 38 13 25
19 1 3 0 27 1 26
18 0 14 0 39 0 39
17 0 9 0 21 0 21
16 0 4 0 10 1 9
15 1 5 0 16 1 15
14 2 1 0 6 4 2
13 1 0 0 5 1 4
12 0 10 0 19 1 18
11 0 0 0 8 1 7
10 3 13 0 56 5 51
119 51 45 28 708 405 303
118 17 10 0 92 37 55
117 2 8 0 26 2 24
116 2 16 0 51 2 49
115 2 4 0 38 3 35
114 5 7 0 39 6 33
113 4 3 0 177 20 157
112 2 1 1 54 4 50
111 12 22 0 101 17 84
110 3 18 4 114 8 106

