109 3 4 5 50 3 47
108 1 22 7 116 2 114
107 2 4 4 31 2 29
106 1 11 2 25 1 24
105 0 8 2 23 0 23
104 6 0 14 20 8 12
103 1 2 2 11 2 9
102 1 5 1 21 1 20
101 3 21 28 143 4 139
100 3 2 2 15 4 11
99 3 2 6 20 11 9
98 2 10 2 55 3 52
97 1 2 2 13 1 12
96 3 14 0 43 3 40
95 2 0 0 8 2 6
94 3 12 0 27 3 24
93 2 0 0 8 2 6
92 19 12 0 84 37 47
91 4 0 0 8 7 1
90 1 2 0 5 1 4
198 6 28 32 256 11 245
197 24 6 0 61 44 17
196 60 37 21 867 303 564
195 0 12 2 50 0 50
194 49 31 6 348 167 181
193 4 0 0 24 6 18
192 1 6 2 47 1 46
191 38 27 5 302 169 133
190 12 16 6 109 19 90
89 2 15 0 34 2 32
88 3 12 0 62 4 58
87 1 7 0 12 1 11
86 0 8 0 17 0 17
85 2 2 0 11 2 9
84 2 0 0 3 2 1
83 2 5 0 34 3 31
82 1 5 0 13 1 12
81 22 7 0 109 85 24
80 3 12 0 28 3 25
189 37 41 22 559 117 442
188 2 10 0 54 5 49
187 6 0 0 23 10 13
186 2 20 1 80 4 76
185 13 14 3 66 21 45
184 2 19 8 125 3 122
183 28 29 7 331 109 222
182 0 7 19 78 14 64
181 47 58 87 971 169 802
180 86 77 184 2524 570 1954
79 12 1 0 28 23 5
78 2 0 0 8 2 6
77 2 20 0 44 2 42
76 1 8 0 14 1 13
75 2 0 0 8 2 6
74 1 5 0 16 1 15
73 25 4 0 85 77 8
72 7 9 0 38 11 27
71 3 9 0 20 4 16
70 10 4 0 38 17 21
179 6 17 0 97 8 89
178 56 61 29 1078 230 848
177 11 33 6 181 21 160
176 64 70 45 823 228 595
175 5 39 9 231 6 225
174 2 0 1 15 4 11
173 13 27 9 175 27 148
172 6 3 0 16 6 10
171 9 4 0 19 11 8
170 75 83 296 2204 616 1588
69 0 13 0 27 0 27
68 2 3 0 16 2 14
67 14 4 0 40 28 12
66 17 8 0 84 46 38
65 1 5 0 16 1 15
64 3 1 0 6 3 3
63 2 1 0 13 8 5
62 46 3 0 115 98 17
61 2 0 0 8 2 6
60 9 1 0 33 22 11
169 14 34 24 320 27 293
168 25 23 1 192 65 127
167 1 37 6 302 2 300
166 18 9 3 114 87 27
165 32 45 28 723 158 565
164 89 32 16 1158 634 524
163 6 1 0 37 11 26
162 2 13 13 89 2 87
161 2 6 0 40 2 38
160 60 44 36 1287 513 774
59 8 1 0 20 11 9
58 1 2 0 8 1 7
57 1 9 0 26 1 25
56 14 9 0 41 25 16
55 1 11 0 20 1 19
54 1 0 0 3 1 2
53 5 0 0 7 5 2
52 21 1 0 35 30 5
51 16 7 0 64 25 39
50 9 2 0 15 12 3
159 1 2 0 32 2 30
158 21 2 0 87 68 19
157 75 92 88 1438 377 1061
156 24 14 0 157 56 101
155 2 0 0 7 3 4
154 10 7 9 56 11 45
153 47 13 3 247 153 94
152 8 13 0 46 14 32
151 12 2 0 91 39 52
150 35 19 1 214 171 43
49 31 10 0 135 112 23
48 3 2 0 17 15 2
47 3 8 0 28 11 17
46 2 2 0 6 2 4
45 4 1 0 23 5 18
44 2 3 0 13 2 11
43 1 12 0 34 1 33
42 1 15 0 35 1 34
41 1 1 0 4 2 2
40 35 2 0 78 73 5
149 11 23 21 179 18 161
148 9 6 0 30 13 17
147 2 14 2 51 3 48
146 40 3 0 139 118 21
145 10 16 0 88 16 72
144 41 14 0 140 104 36
143 11 7 0 57 15 42
142 29 33 7 311 148 163
141 10 8 5 106 20 86
140 3 6 0 23 7 16
39 0 3 0 6 0 6
38 2 5 0 19 2 17
37 1 0 0 7 1 6
36 8 0 0 14 13 1
35 12 0 0 39 37 2
34 1 5 0 12 1 11
33 1 2 0 15 9 6
32 0 10 0 22 0 22
31 1 1 0 11 1 10
30 1 8 0 20 1 19
139 2 18 6 85 2 83
138 10 7 1 38 13 25
137 14 8 1 56 29 27
136 18 10 0 95 37 58
135 2 7 0 26 2 24
134 16 23 4 173 47 126
133 2 19 0 51 2 49
132 3 4 0 38 3 35
131 35 34 41 560 258 302
130 14 3 48 128 22 106
29 4 1 0 7 4 3
28 1 4 0 50 1 49
27 2 0 0 8 2 6
26 1 5 0 17 1 16
25 2 10 0 24 2 22
24 1 3 0 8 2 6
23 1 3 0 19 1 18
22 8 0 0 20 18 2
21 0 4 0 6 0 6
20 7 6 0 32 13 19
9 9 1 0 17 12 5
8 6 4 0 35 21 14
7 8 1 0 28 9 19
129 3 15 5 48 3 45
6 4 1 0 7 5 2
128 6 10 0 39 6 33
5 0 6 0 9 0 9
127 6 4 0 177 20 157
4 1 22 0 89 2 87
126 3 1 1 54 4 50
3 15 2 0 54 51 3
125 3 1 7 47 4 43
2 0 12 0 23 0 23
124 3 21 4 114 8 106
1 2 2 0 9 2 7
123 0 14 4 94 0 94
0 2 0 0 8 2 6
122 1 15 2 40 1 39
121 2 11 2 30 3 27
120 83 5 5 575 548 27
19 9 5 0 43 9 34
18 5 6 0 47 31 16
17 1 3 0 27 1 26
16 0 17 0 39 0 39
15 1 5 0 10 1 9
14 1 6 0 16 1 15
13 3 1 0 6 4 2
12 1 1 0 5 1 4
11 1 0 0 8 1 7
10 5 16 0 60 5 55
119 4 1 6 11 6 5
118 0 9 2 50 0 50
117 2 15 8 51 2 49
116 49 2 51 341 93 248
115 6 0 2 21 16 5
114 41 21 5 200 105 95
113 2 10 19 86 4 82
112 11 6 2 33 16 17
111 12 8 4 59 22 37
110 9 25 5 92 13 79

