109 9 8 0 35 11 24
108 4 0 0 6 4 2
107 4 11 0 20 4 16
106 14 5 0 38 19 19
105 4 1 0 14 4 10
104 1 9 0 34 1 33
103 3 1 0 6 3 3
102 2 1 0 14 8 6
101 49 3 0 126 109 17
100 2 0 0 8 2 6
253 53 23 8 344 238 106
252 2 0 0 41 7 34
251 11 19 0 93 12 81
250 3 5 0 36 11 25
249 92 59 61 1689 833 856
248 79 79 59 974 301 673
247 2 0 1 15 4 11
246 8 35 8 178 10 168
245 63 72 50 1273 331 942
244 3 8 0 52 15 37
243 57 54 9 825 187 638
242 7 3 0 17 7 10
241 15 35 258 1148 38 1110
240 7 11 4 47 12 35
99 6 1 0 16 6 10
98 1 7 0 17 1 16
97 1 10 0 23 1 22
96 17 9 0 41 25 16
95 1 12 0 20 1 19
94 1 0 0 3 1 2
93 6 0 0 8 6 2
92 27 1 0 45 40 5
91 2 3 0 24 2 22
90 5 2 0 22 20 2
239 1 44 10 355 2 353
238 33 29 6 273 77 196
237 13 9 2 65 20 45
236 37 55 55 1016 198 818
235 21 10 3 135 107 28
234 101 76 118 1697 502 1195
233 2 8 0 22 2 20
232 89 77 96 1134 299 835
231 35 33 1 245 72 173
230 129 41 56 1819 936 883
199 4 6 0 18 5 13
198 9 25 2 115 12 103
197 12 8 2 43 19 24
196 2 18 6 76 2 74
195 28 5 0 56 38 18
194 14 35 4 295 49 246
193 10 8 1 35 13 22
192 1 16 0 55 4 51
191 21 10 0 94 39 55
190 36 48 28 481 120 361
89 2 7 0 15 2 13
88 3 2 0 17 4 13
87 2 14 0 29 2 27
86 2 0 0 8 2 6
85 4 10 0 30 11 19
84 5 1 0 24 5 19
83 3 5 0 11 4 7
82 11 1 0 38 30 8
81 3 3 0 14 3 11
80 1 10 0 32 3 29
229 22 34 42 329 47 282
228 64 60 62 1453 514 939
227 61 44 19 906 393 513
226 2 14 13 88 2 86
225 4 1 0 18 5 13
224 22 9 0 77 53 24
223 39 55 11 531 250 281
222 1 2 0 32 2 30
221 12 13 2 53 17 36
189 45 7 0 122 110 12
220 31 2 0 118 100 18
188 9 18 2 100 22 78
187 4 23 0 67 4 63
186 31 51 33 600 115 485
185 41 37 39 645 326 319
184 8 2 48 120 11 109
183 3 4 0 72 20 52
182 4 17 5 44 4 40
181 8 3 2 33 16 17
180 2 5 0 28 7 21
79 1 6 0 13 1 12
78 7 1 0 14 7 7
77 1 1 0 4 2 2
76 0 3 0 6 0 6
75 3 5 0 23 4 19
74 4 1 0 7 4 3
73 1 4 0 48 1 47
72 0 9 0 21 0 21
71 1 17 0 37 1 36
70 1 7 0 17 1 16
219 55 57 26 603 134 469
218 75 44 35 966 359 607
217 62 51 56 900 283 617
216 3 10 0 30 3 27
215 2 18 0 46 2 44
214 3 32 4 103 5 98
213 3 14 2 66 5 61
212 62 47 42 737 202 535
211 15 2 0 110 58 52
179 21 4 0 91 82 9
210 55 18 1 247 209 38
178 6 4 0 213 26 187
177 1 13 2 43 3 40
176 2 16 0 38 2 36
175 3 2 1 68 5 63
174 1 3 0 12 6 6
173 4 33 6 162 9 153
172 28 12 2 122 73 49
171 0 23 4 114 0 114
170 1 20 2 38 1 37
69 10 0 0 20 18 2
68 1 3 0 27 1 26
67 0 9 0 21 0 21
66 1 6 0 13 1 12
65 1 1 0 5 1 4
64 11 1 0 32 13 19
63 0 7 0 9 0 9
62 2 2 0 9 2 7
61 15 4 0 29 19 10
60 2 0 0 8 2 6
209 14 24 21 173 20 153
208 10 6 0 32 15 17
207 66 89 188 2084 383 1701
206 4 12 0 66 15 51
205 80 50 14 763 347 416
204 13 7 0 62 22 40
203 36 40 9 359 177 182
202 4 0 0 20 8 12
201 20 22 9 190 41 149
169 2 19 8 61 2 59
200 1 19 23 164 1 163
168 56 20 2 234 138 96
167 7 0 2 21 16 5
166 13 9 2 50 29 21
165 2 11 28 139 4 135
164 11 25 5 94 15 79
163 1 17 2 46 1 45
162 2 4 5 48 3 45
161 6 4 23 125 61 64
160 0 9 2 26 0 26
59 1 2 0 5 1 4
58 3 4 0 14 3 11
57 0 9 0 17 0 17
56 7 1 0 10 8 2
55 3 1 0 12 3 9
54 2 0 0 3 2 1
53 2 6 0 18 2 16
52 3 5 0 50 4 46
51 1 6 0 13 1 12
50 2 0 0 8 2 6
159 1 25 7 125 2 123
158 2 5 4 28 2 26
157 1 8 2 51 2 49
156 2 9 2 24 2 22
155 1 4 2 37 1 36
154 3 0 2 22 8 14
153 2 11 2 28 2 26
152 4 2 2 12 4 8
151 2 20 8 76 3 73
150 2 13 2 32 3 29
49 2 4 0 6 2 4
48 2 0 0 8 2 6
47 1 5 0 15 1 14
46 35 4 0 104 96 8
45 0 13 0 27 0 27
44 2 3 0 16 2 14
43 2 0 0 3 2 1
42 16 8 0 48 32 16
41 25 9 0 84 49 35
40 1 6 0 18 1 17
149 2 18 2 47 4 43
148 107 3 5 701 674 27
147 5 1 6 14 9 5
146 0 8 2 51 0 51
145 55 2 118 425 100 325
144 3 21 6 108 4 104
143 14 9 4 74 26 48
142 2 0 37 52 2 50
141 1 5 11 38 8 30
140 2 16 20 116 3 113
39 1 0 0 5 1 4
38 3 3 0 17 4 13
37 1 5 0 21 1 20
36 10 1 0 31 23 8
35 9 1 0 20 11 9
34 11 6 0 24 12 12
33 19 9 0 76 30 46
32 35 10 0 150 125 25
31 0 9 0 14 0 14
30 1 16 0 37 1 36
139 1 11 2 21 1 20
138 0 21 2 56 0 56
137 1 5 8 42 8 34
136 3 3 2 12 3 9
135 2 9 15 79 7 72
134 2 6 2 23 2 21
133 6 25 28 163 8 155
132 2 14 2 61 3 58
131 1 3 2 19 1 18
130 1 2 2 31 1 30
29 44 2 0 94 89 5
28 1 0 0 7 1 6
27 2 8 0 56 9 47
26 9 0 0 14 13 1
25 3 17 0 39 5 34
24 14 0 0 45 43 2
23 1 7 0 12 1 11
22 1 9 0 20 1 19
21 2 0 0 8 2 6
20 1 2 0 8 2 6
9 7 1 0 17 12 5
8 9 4 0 36 22 14
129 5 5 17 60 16 44
7 3 3 0 19 4 15
6 4 1 0 9 7 2
128 1 5 22 73 1 72
5 1 26 0 103 2 101
127 4 16 0 45 4 41
4 17 2 0 59 56 3
126 2 0 0 8 2 6
3 0 15 0 25 0 25
125 3 12 0 29 3 26
124 2 5 0 22 2 20
2 2 0 0 4 2 2
123 3 12 0 26 3 23
1 1 10 0 15 1 14
122 2 0 0 8 2 6
0 2 0 0 8 2 6
121 12 0 0 19 16 3
120 2 19 0 37 2 35
19 6 2 0 17 7 10
18 1 3 0 15 1 14
17 11 6 0 32 15 17
16 16 6 0 59 17 42
15 8 6 0 49 37 12
14 3 1 0 6 4 2
13 1 4 0 32 1 31
12 13 38 0 88 14 74
11 1 0 0 8 1 7
10 6 18 0 61 6 55
119 1 7 0 12 1 11
118 8 12 0 70 19 51
117 17 0 0 54 53 1
116 3 4 0 19 3 16
115 25 10 0 124 96 28
114 4 2 0 13 4 9
113 3 13 0 25 3 22
112 18 1 0 31 26 5
111 2 21 0 42 2 40
110 2 0 0 8 2 6

