109 5 0 0 8 6 2
108 4 11 0 20 4 16
107 14 7 0 41 19 22
106 6 2 0 18 6 12
105 1 9 0 34 1 33
104 3 1 0 6 3 3
103 2 1 0 14 8 6
102 49 3 0 125 108 17
101 0 2 0 14 0 14
100 2 1 0 9 2 7
256 69 96 200 2204 393 1811
255 84 83 57 979 306 673
254 10 0 1 30 15 15
253 7 4 22 418 61 357
252 2 0 1 15 4 11
251 8 38 8 173 11 162
250 4 9 0 52 15 37
249 4 4 0 54 9 45
248 7 3 0 17 7 10
247 2 2 0 41 3 38
246 50 68 56 1103 176 927
245 7 10 4 51 12 39
244 43 55 48 979 328 651
243 52 41 13 519 316 203
242 7 19 2 76 10 66
241 66 50 23 984 417 567
240 30 30 4 235 85 150
99 6 1 0 16 6 10
98 1 11 0 23 1 22
97 17 10 0 44 26 18
96 1 13 0 25 1 24
95 1 0 0 3 1 2
94 6 0 0 8 6 2
93 27 1 0 45 40 5
92 10 2 0 16 13 3
91 5 2 0 22 20 2
90 2 7 0 15 2 13
239 143 53 90 2246 1272 974
238 101 83 122 1870 513 1357
237 24 11 3 135 107 28
236 23 18 28 290 66 224
235 24 18 0 80 36 44
234 5 8 0 30 6 24
233 89 83 99 1152 297 855
232 54 21 12 511 191 320
231 67 56 57 999 315 684
230 76 64 32 1285 515 770
199 12 10 2 46 19 27
198 2 19 6 78 2 76
197 28 5 0 57 39 18
196 14 38 4 299 49 250
195 32 52 4 604 79 525
194 10 8 1 35 13 22
193 39 63 5 430 142 288
192 27 23 13 209 56 153
191 1 17 0 55 4 51
190 20 12 0 100 41 59
89 3 2 0 17 4 13
88 2 15 0 29 2 27
87 2 0 0 8 2 6
86 4 11 0 30 11 19
85 1 3 0 20 1 19
84 5 1 0 23 5 18
83 8 1 0 38 30 8
82 3 3 0 13 3 10
81 1 10 0 32 3 29
80 1 6 0 13 1 12
229 64 33 10 570 307 263
228 2 13 13 88 2 86
227 4 1 0 18 5 13
226 40 9 3 218 175 43
225 21 9 0 77 53 24
224 66 71 46 1179 303 876
223 43 60 11 553 268 285
222 41 37 13 495 172 323
221 58 66 30 623 135 488
189 47 7 0 124 112 12
220 3 9 0 30 3 27
188 9 20 2 102 22 80
187 18 23 41 250 41 209
186 4 23 0 67 4 63
185 31 52 33 609 116 493
184 8 2 48 120 11 109
183 19 30 2 179 54 125
182 4 16 5 44 4 40
181 2 5 0 28 7 21
180 1 13 2 43 3 40
79 7 1 0 14 7 7
78 0 3 0 6 0 6
77 2 8 0 29 2 27
76 2 2 0 16 10 6
75 5 1 0 8 5 3
74 1 4 0 48 1 47
73 0 10 0 26 0 26
72 1 17 0 36 1 35
71 1 7 0 17 1 16
70 9 0 0 20 18 2
219 2 17 0 46 2 44
218 3 30 4 104 5 99
217 3 13 2 66 5 61
216 64 47 40 710 200 510
215 16 2 0 109 59 50
214 57 17 1 249 210 39
213 14 25 21 173 20 153
212 13 33 210 1125 81 1044
211 68 47 23 1077 461 616
179 2 16 0 38 2 36
210 9 9 0 34 15 19
178 4 2 1 68 5 63
177 1 3 0 12 6 6
176 4 33 6 162 9 153
175 28 10 2 121 73 48
174 0 22 4 114 0 114
173 1 19 2 38 1 37
172 3 23 8 70 3 67
171 7 0 2 21 16 5
170 58 21 2 240 144 96
69 1 3 0 27 1 26
68 0 8 0 21 0 21
67 1 6 0 13 1 12
66 1 1 0 5 1 4
65 2 0 0 5 2 3
64 11 1 0 32 13 19
63 2 4 0 11 2 9
62 15 4 0 29 19 10
61 3 1 0 11 3 8
60 1 2 0 5 1 4
209 4 10 0 66 15 51
208 33 32 1 198 71 127
207 8 27 0 142 28 114
206 12 7 0 62 22 40
205 70 35 4 410 265 145
204 8 14 0 65 9 56
203 20 23 9 190 42 148
202 1 20 23 168 1 167
201 4 6 0 18 5 13
169 15 10 4 63 29 34
200 36 29 6 261 76 185
168 2 12 28 139 4 135
167 11 25 5 93 15 78
166 1 16 2 46 1 45
165 2 4 5 48 3 45
164 6 4 23 132 67 65
163 0 9 2 26 0 26
162 1 25 7 125 2 123
161 2 5 4 28 2 26
160 1 8 2 50 2 48
59 0 8 0 17 0 17
58 7 1 0 10 8 2
57 3 1 0 12 3 9
56 2 0 0 3 2 1
55 2 6 0 17 2 15
54 3 5 0 50 4 46
53 1 6 0 13 1 12
52 2 0 0 8 2 6
51 2 4 0 6 2 4
50 2 0 0 8 2 6
159 1 7 2 16 1 15
158 2 9 2 24 2 22
157 1 3 2 37 1 36
156 3 0 2 22 8 14
155 2 11 2 28 2 26
154 4 2 2 12 4 8
153 24 10 2 131 99 32
152 2 23 8 76 3 73
151 2 12 2 32 3 29
150 2 18 2 47 4 43
49 1 4 0 15 1 14
48 35 4 0 106 98 8
47 0 13 0 26 0 26
46 1 8 0 22 1 21
45 2 3 0 16 2 14
44 14 5 0 44 31 13
43 23 7 0 83 48 35
42 1 6 0 18 1 17
41 1 0 0 5 1 4
40 4 3 0 18 5 13
149 108 3 5 704 677 27
148 6 1 6 15 10 5
147 0 7 2 51 0 51
146 61 2 118 429 104 325
145 3 21 6 112 4 108
144 12 8 4 73 25 48
143 2 0 37 52 2 50
142 1 5 11 38 8 30
141 2 16 20 116 3 113
140 1 11 2 21 1 20
39 1 5 0 21 1 20
38 10 1 0 31 23 8
37 9 1 0 20 11 9
36 1 0 0 10 1 9
35 10 6 0 24 11 13
34 19 9 0 76 30 46
33 36 11 0 153 126 27
32 0 9 0 14 0 14
31 1 16 0 37 1 36
30 47 2 0 94 89 5
139 0 20 2 55 0 55
138 1 5 8 42 8 34
137 3 3 2 12 3 9
136 2 9 15 79 7 72
135 2 6 2 23 2 21
134 6 27 28 160 8 152
133 2 14 2 61 3 58
132 1 3 2 19 1 18
131 1 2 2 31 1 30
130 5 5 17 60 16 44
29 2 0 0 8 2 6
28 2 8 0 57 10 47
27 9 0 0 14 13 1
26 4 18 0 41 6 35
25 15 0 0 46 44 2
24 1 8 0 12 1 11
23 3 9 0 28 3 25
22 1 9 0 21 1 20
21 2 0 0 8 2 6
20 2 1 0 11 2 9
9 6 18 0 61 6 55
8 7 1 0 17 12 5
129 1 5 22 77 1 76
7 10 4 0 36 22 14
6 3 3 0 19 4 15
128 4 16 0 44 4 40
5 6 1 0 9 7 2
127 2 0 0 8 2 6
4 1 30 0 102 2 100
126 3 12 0 29 3 26
3 18 2 0 60 57 3
125 2 5 0 22 2 20
124 3 11 0 24 3 21
2 0 16 0 28 0 28
123 2 2 0 11 2 9
1 1 9 0 15 1 14
122 15 0 0 23 20 3
0 2 0 0 8 2 6
121 2 23 0 41 2 39
120 1 7 0 12 1 11
19 1 2 0 8 2 6
18 6 3 0 18 7 11
17 1 3 0 14 1 13
16 11 6 0 31 15 16
15 14 6 0 57 15 42
14 8 12 0 56 37 19
13 0 4 0 15 0 15
12 3 1 0 6 4 2
11 1 4 0 32 1 31
10 1 0 0 8 1 7
119 10 12 0 70 19 51
118 15 0 0 54 53 1
117 4 2 0 13 4 9
116 18 1 0 31 26 5
115 3 1 0 17 3 14
114 2 20 0 43 2 41
113 1 0 0 3 1 2
112 2 0 0 8 2 6
111 1 9 0 16 1 15
110 9 9 0 35 11 24

