109 2 1 0 14 8 6
108 53 3 0 126 109 17
269 3 8 0 52 15 37
107 0 3 0 15 0 15
268 21 15 2 113 41 72
106 2 1 0 9 2 7
267 26 23 2 146 59 87
105 1 7 0 17 1 16
266 4 4 0 54 9 45
104 1 10 0 23 1 22
265 7 3 0 17 7 10
103 17 10 0 45 27 18
264 2 2 0 43 3 40
102 1 14 0 25 1 24
263 113 83 163 2170 594 1576
101 1 0 0 3 1 2
262 73 41 10 471 261 210
100 6 0 0 8 6 2
261 7 11 4 51 12 39
260 46 48 52 982 330 652
259 54 44 13 533 325 208
258 67 39 14 756 359 397
257 0 8 0 17 0 17
256 23 10 3 138 109 29
255 24 19 28 293 68 225
254 95 86 103 1221 315 906
253 22 18 4 130 33 97
252 34 40 16 371 108 263
251 69 56 57 1012 321 691
250 80 62 22 1204 479 725
249 2 13 13 90 2 88
248 41 8 3 220 177 43
247 100 74 20 1259 496 763
246 68 55 16 923 415 508
245 36 32 3 467 125 342
244 46 57 11 553 271 282
243 11 3 2 49 12 37
242 11 9 1 78 29 49
241 14 28 11 200 27 173
240 59 66 35 643 140 503
99 32 1 0 51 46 5
98 11 2 0 16 13 3
97 0 8 0 26 0 26
96 4 2 0 24 22 2
95 2 7 0 16 2 14
94 2 17 0 46 4 42
93 3 2 0 17 4 13
92 2 14 0 30 2 28
91 2 0 0 8 2 6
90 4 10 0 32 13 19
239 60 34 10 610 303 307
238 52 32 3 339 193 146
237 77 2 3 207 172 35
236 8 33 6 135 9 126
235 12 25 0 167 35 132
234 5 6 0 87 35 52
233 19 22 0 147 49 98
232 29 6 0 70 40 30
231 4 10 0 32 4 28
230 2 19 0 55 2 53
199 18 29 43 298 43 255
198 8 3 48 125 11 114
197 19 29 2 179 55 124
196 4 16 5 45 4 41
195 8 3 2 33 16 17
194 2 5 0 28 7 21
193 87 52 3 494 313 181
192 6 4 0 216 28 188
191 1 14 2 43 3 40
190 2 15 0 38 2 36
89 1 3 0 20 1 19
88 4 1 0 22 4 18
87 10 1 0 38 30 8
86 3 3 0 13 3 10
85 1 10 0 32 3 29
84 1 8 0 15 1 14
83 7 1 0 15 8 7
82 2 1 0 5 3 2
81 0 3 0 6 0 6
80 1 5 0 10 1 9
229 3 32 4 108 5 103
228 68 48 40 728 214 514
227 14 28 21 183 22 161
226 12 33 210 1139 81 1058
225 12 65 43 534 22 512
224 4 13 0 63 4 59
223 72 96 201 2261 398 1863
222 9 8 0 32 13 19
221 26 35 1 235 100 135
189 4 1 1 64 5 59
220 59 74 100 1772 363 1409
188 3 12 0 47 5 42
187 1 3 0 12 6 6
186 6 36 6 170 11 159
185 2 17 2 41 3 38
184 28 10 2 123 75 48
183 0 25 4 117 0 117
182 1 19 2 39 1 38
181 3 21 8 65 3 62
180 8 0 2 23 18 5
79 3 8 0 30 3 27
78 5 1 0 8 5 3
77 1 4 0 48 1 47
76 0 11 0 26 0 26
75 1 17 0 37 1 36
74 1 7 0 17 1 16
73 9 0 0 22 20 2
72 1 6 0 14 1 13
71 3 0 0 9 4 5
70 1 3 0 27 1 26
219 3 10 0 102 19 83
218 13 7 0 62 22 40
217 35 49 9 652 84 568
216 8 17 0 68 9 59
215 2 12 0 59 2 57
214 1 22 23 170 1 169
213 4 6 0 18 5 13
212 8 0 1 27 13 14
211 51 49 21 641 201 440
179 64 22 4 245 148 97
210 12 10 2 46 19 27
178 2 11 23 128 4 124
177 15 10 4 64 30 34
176 3 1 8 36 8 28
175 13 28 5 99 17 82
174 1 18 2 47 1 46
173 2 4 5 49 3 46
172 9 4 23 138 73 65
171 0 9 2 26 0 26
170 1 25 7 127 3 124
69 0 9 0 21 0 21
68 1 6 0 13 1 12
67 1 1 0 5 1 4
66 2 0 0 5 2 3
65 11 1 0 32 13 19
64 3 4 0 12 3 9
63 15 4 0 29 19 10
62 3 1 0 11 3 8
61 1 2 0 5 1 4
60 3 4 0 14 3 11
209 2 20 6 78 2 76
208 16 40 6 335 55 280
207 10 7 1 35 13 22
206 39 63 7 458 141 317
205 1 17 0 53 4 49
204 20 12 0 103 42 61
203 49 7 0 131 119 12
202 2 18 2 69 4 65
201 9 20 2 104 22 82
169 2 4 4 28 2 26
200 4 24 0 68 4 64
168 1 8 2 50 2 48
167 2 3 7 37 2 35
166 2 9 2 24 2 22
165 3 0 2 22 8 14
164 2 10 2 29 2 27
163 4 2 2 12 4 8
162 1 8 5 54 1 53
161 28 9 2 133 101 32
160 2 22 5 78 5 73
59 0 8 0 17 0 17
58 7 1 0 10 8 2
57 4 1 0 13 4 9
56 2 0 0 3 2 1
55 2 6 0 17 2 15
54 3 5 0 50 4 46
53 1 6 0 13 1 12
52 2 0 0 8 2 6
51 2 4 0 6 2 4
50 2 0 0 8 2 6
159 2 11 2 32 3 29
158 118 4 5 736 706 30
157 8 1 6 16 11 5
156 0 8 2 51 0 51
155 64 2 122 445 106 339
154 3 24 6 112 4 108
153 12 10 4 73 25 48
152 2 0 37 52 2 50
151 1 5 11 38 8 30
150 2 18 20 117 3 114
49 1 5 0 15 1 14
48 39 4 0 110 102 8
47 1 12 0 17 1 16
46 0 12 0 27 0 27
45 2 3 0 16 2 14
44 2 0 0 3 2 1
43 15 5 0 44 31 13
42 28 8 0 87 52 35
41 1 6 0 18 1 17
40 1 0 0 5 1 4
149 1 11 2 21 1 20
148 0 21 2 57 0 57
147 2 5 8 43 9 34
146 3 3 2 13 4 9
145 2 9 15 79 7 72
144 2 6 2 23 2 21
143 6 27 28 162 8 154
142 2 14 2 61 3 58
141 1 2 2 13 1 12
140 1 2 2 31 1 30
39 1 6 0 21 1 20
38 2 0 0 4 2 2
37 13 1 0 35 27 8
36 11 1 0 21 12 9
35 1 0 0 10 1 9
34 11 6 0 26 13 13
33 1 2 0 12 1 11
32 21 9 0 78 32 46
31 38 11 0 155 127 28
30 3 11 0 67 3 64
139 5 5 17 60 16 44
138 1 5 22 78 1 77
137 4 16 0 44 4 40
136 2 0 0 8 2 6
135 4 12 0 30 4 26
134 2 5 0 22 2 20
133 3 11 0 24 3 21
132 2 2 0 11 2 9
131 3 1 0 17 12 5
130 18 0 0 27 24 3
29 2 16 0 38 2 36
28 49 2 0 98 93 5
27 2 8 0 57 10 47
26 10 0 0 14 13 1
25 5 20 0 44 7 37
24 1 7 0 12 1 11
23 1 1 0 8 1 7
22 4 10 0 29 4 25
21 1 9 0 21 1 20
20 2 0 0 8 2 6
9 7 20 0 64 7 57
8 9 1 0 18 13 5
129 2 23 0 42 2 40
7 10 5 0 39 24 15
6 6 1 0 9 7 2
128 1 1 0 8 1 7
5 1 32 0 110 2 108
127 1 7 0 12 1 11
4 1 13 0 39 1 38
126 10 11 0 70 19 51
3 21 2 0 62 59 3
125 1 6 0 12 1 11
124 17 0 0 54 53 1
2 0 16 0 28 0 28
123 4 2 0 13 4 9
1 1 10 0 15 1 14
122 3 14 0 26 3 23
0 2 0 0 8 2 6
121 18 1 0 31 26 5
120 2 25 0 49 2 47
19 2 1 0 11 2 9
18 2 2 0 9 3 6
17 1 3 0 14 1 13
16 11 6 0 31 15 16
15 15 6 0 59 16 43
14 8 12 0 56 37 19
13 0 4 0 15 0 15
12 3 1 0 6 4 2
11 1 3 0 29 1 28
10 1 0 0 8 1 7
119 1 0 0 3 1 2
118 2 0 0 8 2 6
117 1 11 0 18 1 17
116 9 9 0 35 11 24
115 5 0 0 8 6 2
114 5 11 0 21 5 16
113 14 7 0 41 19 22
112 6 2 0 19 7 12
111 8 2 0 16 10 6
110 3 1 0 6 3 3
270 137 54 155 2697 1242 1455

