109 2 6 2 25 2 23
108 2 18 2 65 2 63
107 5 24 28 146 6 140
106 4 2 2 12 4 8
105 2 12 2 61 3 58
104 1 2 2 13 1 12
103 1 2 2 31 1 30
102 3 14 0 43 3 40
101 1 0 0 8 2 6
100 3 11 0 29 3 26
99 2 0 0 8 2 6
98 7 0 0 12 9 3
97 1 2 0 5 1 4
96 2 18 0 31 2 29
95 3 13 0 64 4 60
94 1 7 0 12 1 11
93 0 8 0 17 0 17
92 7 1 0 10 8 2
91 3 1 0 12 3 9
90 2 0 0 3 2 1
199 104 87 193 2204 607 1597
198 11 19 0 94 12 82
197 80 59 35 1162 492 670
196 68 80 56 904 246 658
195 62 46 29 1036 409 627
194 5 29 0 125 14 111
193 2 0 1 15 4 11
192 45 57 59 615 141 474
191 14 29 5 144 19 125
190 1 13 2 49 3 46
89 2 5 0 48 3 45
88 1 6 0 13 1 12
87 26 7 0 116 95 21
86 3 14 0 25 3 22
85 15 1 0 29 24 5
84 2 0 0 8 2 6
83 2 19 0 41 2 39
82 1 8 0 14 1 13
81 1 6 0 22 1 21
80 1 0 0 8 2 6
189 7 3 0 17 7 10
188 7 11 4 44 12 32
187 1 41 6 320 2 318
186 110 45 44 1758 892 866
185 78 21 7 492 333 159
184 2 5 0 19 6 13
183 23 10 3 115 88 27
182 25 17 4 121 49 72
181 30 30 1 237 68 169
180 48 26 1 309 188 121
79 1 5 0 15 1 14
78 26 4 0 87 79 8
77 10 9 0 35 11 24
76 4 11 0 20 4 16
75 12 5 0 36 17 19
74 0 12 0 27 0 27
73 2 3 0 16 2 14
72 18 4 0 42 30 12
71 20 8 0 83 48 35
70 1 8 0 34 1 33
179 28 17 0 262 79 183
178 59 59 26 1064 244 820
177 19 26 5 146 29 117
176 2 14 13 86 2 84
175 38 51 11 505 234 271
174 1 2 0 32 2 30
173 21 12 0 100 52 48
172 28 2 0 87 69 18
171 23 24 2 169 72 97
170 47 55 26 557 119 438
69 1 5 0 16 1 15
68 3 1 0 6 3 3
67 2 1 0 14 8 6
66 47 3 0 117 100 17
65 1 7 0 21 1 20
64 2 0 0 8 2 6
63 10 1 0 31 23 8
62 9 1 0 20 11 9
61 1 10 0 23 1 22
60 1 0 0 7 1 6
207 38 54 21 702 159 543
206 8 33 6 262 19 243
205 6 0 0 23 10 13
204 2 19 1 73 4 69
203 15 28 11 231 35 196
202 2 18 8 126 3 123
201 3 0 0 16 4 12
169 35 43 22 533 119 414
200 1 7 19 80 16 64
168 29 12 0 96 63 33
167 21 25 4 261 51 210
166 2 15 0 41 2 39
165 3 28 4 104 5 99
164 15 2 0 109 57 52
163 43 17 1 233 195 38
162 12 23 21 173 20 153
161 30 42 9 476 150 326
160 9 6 0 30 13 17
59 17 8 0 41 25 16
58 1 12 0 20 1 19
57 1 0 0 3 1 2
56 6 0 0 8 6 2
55 23 1 0 38 33 5
54 18 9 0 72 26 46
53 9 2 0 15 12 3
52 38 9 0 146 122 24
51 2 2 0 18 2 16
50 4 2 0 17 15 2
159 2 13 2 48 3 45
158 57 90 195 1949 337 1612
157 34 49 46 1138 232 906
156 12 7 0 62 22 40
155 34 38 7 331 156 175
154 2 17 27 190 2 188
153 15 8 5 105 21 84
152 23 2 9 217 90 127
151 11 8 2 42 18 24
150 23 5 0 54 38 16
49 2 5 0 15 2 13
48 3 10 0 28 11 17
47 5 1 0 24 5 19
46 2 3 0 13 2 11
45 1 12 0 33 1 32
44 0 9 0 14 0 14
43 1 15 0 37 1 36
42 6 1 0 14 7 7
41 1 1 0 4 2 2
40 39 2 0 85 80 5
149 11 6 1 35 13 22
148 16 8 1 56 29 27
147 34 38 24 451 107 344
146 18 10 0 92 37 55
145 33 6 0 74 63 11
144 2 22 0 63 2 61
143 40 34 41 578 278 300
142 7 3 48 119 10 109
141 3 15 5 42 3 39
140 4 13 0 41 6 35
39 0 3 0 6 0 6
38 2 5 0 19 2 17
37 1 0 0 7 1 6
36 9 0 0 14 13 1
35 13 0 0 45 43 2
34 1 8 0 12 1 11
33 2 2 0 16 10 6
32 4 1 0 7 4 3
31 1 4 0 48 1 47
30 1 0 0 8 2 6
139 5 4 0 177 20 157
138 3 1 1 54 4 50
137 3 31 6 159 9 150
136 27 10 2 123 74 49
135 0 21 4 114 0 114
134 1 16 2 37 1 36
133 2 11 2 30 3 27
132 93 3 5 619 592 27
131 5 1 6 14 9 5
130 0 8 2 51 0 51
29 0 9 0 19 0 19
28 1 6 0 17 1 16
27 2 9 0 21 2 19
26 1 2 0 8 2 6
25 1 3 0 15 1 14
24 7 0 0 20 18 2
23 10 6 0 31 14 17
22 11 4 0 43 11 32
21 7 6 0 50 37 13
20 1 3 0 27 1 26
9 8 1 0 17 12 5
8 7 4 0 36 22 14
7 8 1 0 28 9 19
129 2 15 8 54 2 52
6 3 1 0 7 5 2
128 49 2 102 342 93 249
5 1 30 0 88 2 86
127 6 0 2 21 16 5
4 15 2 0 59 56 3
126 45 20 2 206 111 95
3 0 13 0 23 0 23
125 2 10 19 88 4 84
2 2 2 0 9 2 7
124 10 6 2 36 18 18
1 2 0 0 8 2 6
123 11 7 4 63 22 41
0 1 0 0 8 2 6
122 2 0 37 52 2 50
121 11 24 5 91 13 78
120 1 15 2 46 1 45
19 0 9 0 21 0 21
18 1 5 0 10 1 9
17 1 6 0 13 1 12
16 3 1 0 6 4 2
15 1 1 0 5 1 4
14 1 3 0 26 1 25
13 13 31 0 75 14 61
12 1 0 0 8 1 7
11 1 0 0 5 2 3
10 5 16 0 60 5 55
119 2 4 5 47 3 44
118 6 12 5 57 9 48
117 0 9 2 26 0 26
116 1 24 7 113 2 111
115 2 5 4 28 2 26
114 1 7 2 16 1 15
113 1 9 2 21 1 20
112 3 0 2 22 8 14
111 0 8 2 25 0 25
110 3 3 2 12 3 9

