29 11 1 18 379 126 253
28 6 12 5 75 8 67
27 7 2 4 46 13 33
26 1 1 14 34 1 33
25 1 0 44 87 2 85
24 4 4 24 84 30 54
23 1 3 2 23 1 22
22 3 2 5 31 3 28
21 1 2 2 19 1 18
20 14 22 2 142 38 104
9 1 3 0 17 1 16
8 2 0 0 7 2 5
19 1 2 2 21 2 19
7 2 2 0 16 4 12
18 5 2 254 1035 11 1024
6 1 0 0 24 1 23
17 1 10 4 38 1 37
49 22 9 19 219 105 114
5 1 0 0 3 1 2
16 0 4 6 26 0 26
48 4 11 10 197 8 189
4 1 3 0 15 1 14
15 2 2 2 19 4 15
47 26 16 17 438 191 247
3 1 0 0 7 1 6
14 3 8 17 106 14 92
46 28 25 53 666 122 544
2 1 1 0 9 3 6
13 4 1 0 15 4 11
45 2 8 12 81 4 77
1 4 6 0 30 8 22
12 1 7 0 36 1 35
44 17 11 24 343 170 173
0 5 9 0 37 5 32
11 2 0 0 4 2 2
43 25 25 44 728 101 627
10 1 1 0 9 1 8
42 6 10 4 79 15 64
41 2 12 1 80 2 78
40 1 4 0 35 1 34
39 7 2 2 15 8 7
38 22 4 1 133 94 39
37 10 15 18 237 57 180
36 9 8 4 129 30 99
35 20 20 12 355 78 277
34 13 6 2 77 35 42
33 6 10 8 133 20 113
32 11 14 38 452 101 351
31 2 7 3 66 7 59
30 6 0 0 31 9 22

