59 27 21 35 461 115 346
58 14 26 50 590 62 528
57 1 6 0 41 3 38
56 6 6 1 49 13 36
55 7 7 4 42 12 30
54 39 22 23 488 184 304
53 6 11 9 163 16 147
52 9 30 15 396 32 364
51 1 10 3 54 1 53
50 12 2 2 36 19 17
49 9 12 5 94 16 78
48 1 1 5 17 1 16
47 0 1 2 25 0 25
46 2 0 2 14 4 10
45 23 4 5 91 75 16
44 1 4 35 56 9 47
43 7 1 5 73 22 51
42 1 0 2 19 1 18
41 3 0 2 20 12 8
40 11 18 18 146 43 103
39 5 0 5 55 12 43
38 2 1 2 16 3 13
37 25 27 23 301 87 214
36 8 5 2 60 13 47
35 2 7 2 36 2 34
34 6 16 38 248 9 239
33 2 4 2 30 5 25
32 1 4 8 47 1 46
31 1 0 132 223 2 221
30 4 6 922 3176 21 3155
29 2 5 2 25 2 23
28 1 10 2 46 1 45
27 2 1 5 28 2 26
26 1 3 5 45 3 42
25 1 6 11 53 1 52
24 9 1 2 39 17 22
23 2 2 2 20 6 14
22 2 2 0 10 3 7
21 9 5 0 30 14 16
20 4 7 0 34 5 29
9 16 8 0 95 44 51
8 0 2 0 14 1 13
7 11 9 0 59 17 42
6 1 2 0 19 1 18
5 4 3 0 9 4 5
4 1 0 0 2 1 1
3 1 1 0 18 1 17
2 2 2 0 14 2 12
1 2 0 0 13 3 10
0 6 8 0 46 6 40
19 1 2 0 12 1 11
18 3 3 0 14 3 11
17 1 0 0 4 1 3
16 1 3 0 12 1 11
15 2 0 0 16 2 14
14 1 3 0 6 1 5
13 2 3 0 12 4 8
12 0 11 0 36 0 36
77 30 40 153 1593 231 1362
11 1 10 0 43 1 42
76 32 8 14 240 141 99
10 6 5 0 34 9 25
75 17 34 37 521 94 427
74 2 8 0 84 7 77
73 10 20 31 418 23 395
72 1 9 0 60 1 59
71 32 11 10 265 152 113
70 23 21 58 450 86 364
69 14 1 104 1129 374 755
68 3 6 17 143 3 140
67 19 23 20 430 94 336
66 9 5 10 82 19 63
65 30 25 76 1032 241 791
64 9 24 28 464 32 432
63 56 13 59 927 531 396
62 8 12 17 126 18 108
61 3 1 0 8 3 5
60 4 3 0 21 7 14

