29 2 2 5 31 3 28
28 2 3 6 28 2 26
27 17 22 9 179 60 119
59 5 9 10 197 10 187
26 4 1 525 1231 9 1222
58 1 1 14 37 4 33
25 2 3 10 60 3 57
57 7 11 8 144 21 123
56 16 5 8 112 53 59
24 1 13 4 40 1 39
55 14 24 109 728 124 604
23 0 5 6 24 0 24
54 2 5 0 82 6 76
22 1 0 0 14 2 12
53 2 8 4 44 3 41
21 4 1 0 15 4 11
52 19 12 5 208 73 135
20 4 0 0 8 6 2
51 1 4 0 36 1 35
50 10 6 26 147 44 103
9 3 3 0 29 3 26
19 1 1 0 9 1 8
8 2 4 0 14 3 11
18 0 1 0 4 1 3
7 6 0 0 17 9 8
49 24 4 1 149 102 47
17 0 7 0 17 0 17
6 2 2 0 20 6 14
48 6 2 2 15 8 7
16 3 2 0 16 4 12
5 2 4 0 17 2 15
47 3 1 5 43 6 37
15 1 0 0 3 1 2
4 2 0 0 8 3 5
46 12 12 8 296 69 227
14 1 3 0 22 1 21
3 1 3 0 17 2 15
45 6 6 3 91 15 76
13 3 2 0 20 3 17
2 0 3 0 12 0 12
44 27 31 108 1231 195 1036
12 1 0 0 7 1 6
1 5 7 0 37 5 32
11 1 1 0 9 3 6
0 2 0 0 7 2 5
43 2 11 0 61 2 59
10 2 4 0 30 3 27
42 3 2 0 15 5 10
41 28 5 20 254 119 135
40 2 6 3 66 7 59
39 9 8 2 118 33 85
38 5 9 2 104 8 96
37 2 0 110 211 5 206
36 1 3 1 37 2 35
35 1 5 0 47 2 45
34 2 1 2 11 2 9
33 7 14 5 78 9 69
32 1 1 14 34 1 33
63 15 10 22 248 69 179
31 1 3 2 23 1 22
62 38 22 92 981 406 575
30 2 1 5 23 12 11
61 6 0 38 341 105 236
60 3 19 4 108 12 96

