29 1 0 48 93 2 91
28 14 2 5 73 60 13
27 16 8 4 108 51 57
26 1 4 35 56 9 47
25 1 0 2 17 1 16
24 3 2 5 32 4 28
23 1 3 2 20 1 19
22 13 22 8 164 32 132
21 4 2 2 45 11 34
20 1 2 2 22 3 19
9 0 3 0 10 0 10
8 2 0 0 7 2 5
19 5 2 274 1148 11 1137
7 3 1 0 18 4 14
18 1 8 4 46 2 44
6 1 2 0 8 2 6
17 1 4 2 20 1 19
49 9 12 21 195 38 157
5 2 0 0 25 2 23
16 4 3 2 28 8 20
48 25 15 21 457 121 336
4 1 0 0 7 1 6
15 3 5 17 62 5 57
47 28 24 81 876 241 635
3 2 2 0 21 3 18
14 4 12 19 121 9 112
46 14 22 39 369 48 321
2 1 1 0 12 1 11
13 6 3 0 22 8 14
45 10 11 9 219 30 189
1 8 2 0 31 17 14
12 0 5 0 48 0 48
44 7 14 53 213 22 191
0 5 6 0 37 7 30
11 2 1 0 6 2 4
43 29 10 48 575 321 254
10 1 3 0 17 1 16
42 20 16 32 425 87 338
41 2 15 1 88 2 86
40 15 25 83 798 66 732
39 1 4 0 42 1 41
38 7 1 2 21 10 11
37 3 4 2 43 19 24
36 12 9 29 305 70 235
35 2 4 3 65 7 58
34 3 0 0 32 10 22
33 5 12 4 109 18 91
32 3 1 1 10 4 6
31 10 1 24 481 168 313
30 7 11 5 77 11 66

