59 14 21 24 355 34 321
58 7 15 19 181 17 164
57 23 9 16 256 100 156
56 19 15 14 284 75 209
55 1 8 0 46 3 43
54 41 9 19 417 255 162
53 10 3 2 37 16 21
52 37 24 19 543 218 325
51 7 28 13 370 29 341
50 1 4 3 40 1 39
49 14 0 25 364 189 175
48 7 13 5 86 13 73
47 0 2 2 25 0 25
46 7 0 2 31 12 19
45 1 0 2 11 2 9
44 20 2 5 89 74 15
43 1 4 2 34 2 32
42 2 18 13 118 3 115
41 1 3 35 56 9 47
40 7 1 5 73 22 51
39 1 0 2 19 1 18
38 10 18 18 138 39 99
37 6 0 5 55 12 43
36 2 1 2 15 2 13
35 20 26 19 295 88 207
34 8 4 2 58 13 45
33 2 5 2 35 2 33
32 6 13 29 205 8 197
31 1 0 128 217 2 215
30 5 7 922 3176 21 3155
29 2 5 2 25 2 23
28 2 0 5 22 2 20
27 1 2 5 42 3 39
26 6 1 6 42 21 21
25 1 6 11 53 1 52
24 5 1 2 30 14 16
23 2 2 2 20 6 14
22 0 10 5 55 0 55
21 2 2 0 10 3 7
20 7 5 0 29 11 18
9 5 5 0 33 7 26
8 16 8 0 97 45 52
7 11 10 0 60 18 42
6 1 4 0 21 1 20
5 4 3 0 9 4 5
4 2 1 0 20 2 18
3 1 0 0 11 1 10
2 1 1 0 13 1 12
1 2 0 0 11 3 8
0 5 8 0 41 5 36
19 6 0 0 27 14 13
18 4 6 0 35 5 30
17 1 2 0 11 1 10
16 3 3 0 13 3 10
15 1 0 0 21 1 20
14 1 0 0 7 1 6
13 1 0 0 4 1 3
12 1 3 0 6 1 5
11 2 3 0 12 4 8
10 1 9 0 43 1 42
74 6 6 4 61 17 44
73 29 38 198 1942 200 1742
72 15 32 38 517 92 425
71 2 7 0 79 7 72
70 1 10 0 60 1 59
69 48 30 98 1345 559 786
68 17 16 30 366 44 322
67 23 21 60 449 79 370
66 20 9 12 177 84 93
65 17 19 95 1018 201 817
64 2 8 11 125 3 122
63 2 3 2 32 2 30
62 9 2 0 48 20 28
61 9 10 6 136 43 93
60 8 22 26 423 32 391

