59 27 21 35 461 115 346
58 14 26 51 596 62 534
57 2 6 0 42 4 38
56 8 6 1 51 15 36
55 7 7 4 42 12 30
54 39 22 23 491 185 306
53 6 11 9 163 16 147
52 9 31 17 402 32 370
51 1 10 3 57 1 56
50 12 2 2 36 19 17
49 10 12 5 95 17 78
48 1 1 5 17 1 16
47 0 1 2 25 0 25
46 2 0 2 14 4 10
45 23 4 5 94 77 17
44 1 4 35 56 9 47
43 7 1 5 73 22 51
42 1 0 2 19 1 18
41 3 0 2 20 12 8
40 11 18 18 146 43 103
39 5 0 5 55 12 43
38 2 1 2 16 3 13
37 25 28 23 302 87 215
36 8 5 2 60 13 47
35 3 7 2 39 3 36
34 6 16 40 261 9 252
33 2 4 2 30 5 25
32 1 4 8 47 1 46
31 1 0 132 223 2 221
30 4 6 922 3176 21 3155
29 2 5 2 25 2 23
28 1 11 2 51 1 50
27 2 1 5 28 2 26
26 1 3 5 45 3 42
25 1 6 11 53 1 52
24 9 1 2 39 17 22
23 2 2 2 20 6 14
22 2 2 0 10 3 7
21 9 5 0 30 14 16
20 4 7 0 34 5 29
9 17 8 0 97 46 51
8 0 2 0 14 1 13
7 11 9 0 60 18 42
6 1 2 0 19 1 18
5 4 3 0 9 4 5
4 1 0 0 2 1 1
3 1 1 0 18 1 17
2 2 2 0 14 2 12
1 2 0 0 13 3 10
0 6 8 0 46 6 40
19 1 2 0 11 1 10
18 3 3 0 14 3 11
17 1 0 0 4 1 3
16 1 3 0 12 1 11
15 2 0 0 16 2 14
14 1 3 0 6 1 5
13 2 3 0 12 4 8
12 0 11 0 36 0 36
77 30 41 153 1598 230 1368
11 1 10 0 43 1 42
76 32 8 14 242 142 100
10 6 5 0 34 9 25
75 17 34 35 509 97 412
74 2 8 0 84 7 77
73 10 20 31 420 23 397
72 1 9 0 60 1 59
71 32 11 10 265 152 113
70 23 22 58 451 86 365
69 14 1 104 1129 374 755
68 3 6 17 143 3 140
67 19 23 20 438 97 341
66 9 5 10 82 19 63
65 30 26 74 1050 243 807
64 8 24 26 458 30 428
63 56 13 59 932 536 396
62 9 12 17 127 19 108
61 3 1 0 8 3 5
60 4 3 0 21 7 14

