29 1 0 48 94 2 92
28 13 3 5 78 65 13
27 5 4 728 2293 17 2276
26 1 4 35 56 9 47
25 1 3 2 23 1 22
24 1 0 2 17 1 16
23 0 6 2 24 0 24
54 6 20 45 407 19 388
22 2 1 5 29 4 25
53 13 22 53 612 57 555
21 2 3 2 26 5 21
52 26 32 91 769 197 572
20 4 2 2 47 11 36
51 10 0 48 365 117 248
50 27 23 264 1612 246 1366
9 2 0 0 25 2 23
8 2 1 0 18 2 16
19 1 7 2 20 1 19
7 1 0 0 7 1 6
18 5 3 2 30 11 19
49 10 20 35 406 58 348
6 2 2 0 21 3 18
17 14 2 0 44 39 5
48 13 8 7 145 58 87
16 3 3 0 27 8 19
5 5 1 0 24 10 14
47 1 6 0 48 1 47
15 1 0 0 4 1 3
4 1 1 0 12 1 11
46 10 4 6 82 43 39
14 1 11 0 46 1 45
3 2 0 0 8 3 5
45 5 1 2 20 8 12
13 2 1 0 13 3 10
2 2 2 0 7 2 5
44 21 13 136 996 195 801
12 3 2 0 8 3 5
1 3 6 0 36 5 31
11 1 2 0 17 1 16
0 0 7 0 34 0 34
43 26 7 9 340 185 155
10 2 0 0 7 2 5
42 12 7 2 142 30 112
41 12 4 14 169 85 84
40 3 6 3 65 7 58
39 3 9 2 51 14 37
38 3 7 0 36 5 31
37 13 7 1 104 50 54
36 5 6 4 74 17 57
35 2 2 1 10 4 6
34 6 17 4 172 20 152
33 1 5 0 35 2 33
32 7 11 5 72 10 62
31 4 4 2 27 10 17
30 1 5 2 24 1 23

