29 1 4 35 56 9 47
28 1 3 2 23 1 22
27 0 6 2 24 0 24
26 1 1 5 30 5 25
25 2 3 2 26 5 21
24 12 19 10 217 68 149
23 4 2 2 48 12 36
22 1 7 4 41 2 39
53 28 33 376 2032 235 1797
21 1 7 2 20 1 19
52 10 12 17 195 31 164
20 5 5 2 30 11 19
51 10 10 14 140 35 105
50 13 21 53 593 56 537
9 2 0 0 25 2 23
8 0 0 0 2 0 2
19 3 11 19 154 8 146
7 2 1 0 18 2 16
18 1 4 0 24 1 23
49 26 16 54 675 275 400
6 1 0 0 7 1 6
17 12 2 0 41 36 5
48 10 0 48 362 114 248
16 2 2 0 26 7 19
5 2 2 0 21 3 18
47 1 6 0 48 1 47
15 2 1 0 13 3 10
4 6 1 0 24 10 14
46 14 14 10 227 52 175
14 3 2 0 17 3 14
3 1 1 0 12 1 11
45 5 1 4 46 9 37
13 3 5 0 32 6 26
2 2 0 0 8 3 5
44 0 4 6 107 0 107
12 1 2 0 17 1 16
1 1 2 0 7 2 5
11 1 4 0 24 1 23
0 3 5 0 36 5 31
43 6 2 0 42 20 22
10 2 0 0 7 2 5
42 18 4 110 764 196 568
41 1 3 0 25 8 17
40 29 7 21 485 215 270
39 1 8 2 63 14 49
38 3 4 1 31 6 25
37 6 4 2 48 18 30
36 5 15 7 227 21 206
35 5 13 13 159 10 149
34 4 4 2 27 10 17
33 1 3 2 24 1 23
32 1 0 48 94 2 92
31 13 3 5 78 65 13
30 5 4 694 2203 15 2188

