org.apache.openjpa.lib.util 0 5 20 0 8 687 0 0 0 1 50 4 33 1 34 0 28 1044 630 414 0 0 0 1 0.048
org.apache.openjpa.jdbc.meta 13 21 118 10 25 6065 0 0 1 1 526 18 89 16 8 16 238 1399 553 846 0 0 1 1 0.249
org.apache.openjpa.jdbc.conf 2 3 24 1 4 650 0 0 1 1 55 7 95 131 9 13 7 213 90 123 0 0 1 1 0.047
org.apache.openjpa.enhance 2 5 27 1 5 4395 0 0 1 1 183 3 89 139 13 9 44 722 136 586 0 0 1 1 0.106
org.apache.openjpa.kernel 13 20 102 25 34 10890 0 0 1 1 497 17 66 329 21 13 404 1824 625 1199 0 0 1 1 0.294
org.apache.openjpa.jdbc.kernel 20 20 162 12 43 4088 0 0 1 1 450 31 87 45 8 20 81 1043 286 757 0 0 1 1 0.136
org.apache.openjpa.datacache 4 6 19 2 13 1592 0 0 1 1 118 9 73 56 4 12 68 360 48 312 0 0 1 1 0.264
org.apache.openjpa.jdbc.schema 12 13 84 5 22 3143 0 0 1 1 249 13 94 246 9 11 137 977 570 407 0 0 1 1 0.215
org.apache.openjpa.jdbc.sql 38 36 167 25 69 11283 0 0 1 1 676 35 87 34 8 14 127 1710 747 963 0 0 1 1 0.12
org.apache.openjpa.lib.util.concurrent 4 1 5 0 8 817 0 0 0 0 36 9 88 31 9 1 5 152 47 105 0 0 0 0 0.062
org.apache.openjpa.util 2 6 19 1 10 1081 0 0 1 1 110 9 78 66 23 6 134 1439 893 546 0 0 1 1 0.156
org.apache.openjpa.jdbc.kernel.exps 19 17 133 18 24 1953 0 0 1 1 306 47 71 20 2 13 392 896 107 789 0 0 1 1 0.438
org.apache.openjpa.ee 4 4 28 0 6 386 0 0 1 0 44 6 50 6 4 5 21 149 15 134 0 0 1 0 0.22
org.apache.openjpa.kernel.jpql 0 4 11 7 10 1182 0 0 0 0 51 2 96 288 0 7 3 95 5 90 0 0 1 0 0.067
org.apache.openjpa.conf 5 8 15 5 12 1513 0 0 1 1 127 9 76 44 20 12 30 430 176 254 0 0 1 1 0.127
org.apache.openjpa.persistence 3 5 22 24 14 2913 0 0 0 1 256 6 100 38 1 14 198 1410 66 1344 0 0 1 1 0.209
org.apache.openjpa.persistence.jdbc 6 7 53 8 9 3167 0 0 0 1 275 15 70 28 0 14 111 711 14 697 0 0 0 1 0.234
org.apache.openjpa.slice.jdbc 7 0 49 13 7 1211 0 0 0 1 151 16 89 81 1 16 22 256 8 248 0 0 0 1 0.118
org.apache.openjpa.lib.conf 2 4 16 5 6 1305 0 0 0 1 130 3 89 124 22 3 53 511 242 269 0 0 0 1 0.164
org.apache.openjpa.meta 6 11 60 11 14 4462 0 0 1 1 270 10 93 48 20 11 139 1244 596 648 0 0 1 1 0.174
org.apache.openjpa.kernel.exps 0 4 10 0 4 375 0 0 1 0 47 2 93 77 9 6 285 692 216 476 0 0 1 1 0.391
org.apache.openjpa.jdbc.meta.strats 12 21 98 17 29 3795 0 0 1 1 407 49 92 167 4 12 102 1619 119 1500 0 0 1 1 0.113
