109 2 9 7 55 2 53
108 34 6 6 172 121 51
107 3 5 2 36 13 23
106 3 25 2 115 3 112
105 7 3 5 27 14 13
104 1 5 4 30 1 29
103 2 5 8 55 16 39
102 1 2 2 24 1 23
101 1 10 2 26 1 25
100 1 6 4 29 1 28
99 6 4 2 49 20 29
98 0 3 39 153 0 153
97 1 7 2 49 1 48
96 5 7 6 74 35 39
95 3 3 2 20 11 9
94 1 13 5 52 1 51
93 9 9 4 57 15 42
92 2 1 5 48 2 46
91 1 1 2 8 2 6
90 5 1 2 25 7 18
89 6 12 4 87 9 78
88 8 16 2 67 10 57
87 3 0 2 9 4 5
86 1 3 2 24 4 20
85 5 5 2 48 27 21
84 2 0 2 12 4 8
83 2 4 8 54 3 51
82 1 13 11 70 1 69
81 0 2 2 30 0 30
80 2 4 10 62 2 60
79 8 2 2 22 10 12
78 7 3 4 153 98 55
77 1 3 0 12 1 11
76 2 0 0 4 2 2
75 6 2 0 12 8 4
74 4 0 0 6 6 0
73 2 0 0 14 2 12
72 1 3 0 14 1 13
71 2 6 0 19 2 17
70 1 1 0 20 3 17
177 23 13 15 242 82 160
176 20 3 4 88 42 46
175 1 3 0 91 7 84
174 17 16 19 369 38 331
173 14 0 0 51 31 20
172 43 21 6 390 165 225
171 23 23 19 262 72 190
170 8 11 9 87 19 68
69 0 0 0 2 0 2
68 1 0 0 2 2 0
67 3 6 0 21 4 17
66 22 14 0 82 52 30
65 6 13 0 131 52 79
64 1 4 0 7 1 6
63 5 3 0 15 5 10
62 3 1 0 12 3 9
61 3 0 0 6 3 3
60 5 3 0 25 5 20
169 13 7 12 166 58 108
168 4 2 0 15 9 6
167 4 4 2 34 12 22
166 12 5 0 44 15 29
165 111 94 1512 6810 1699 5111
164 5 4 20 196 65 131
163 9 6 5 109 15 94
162 3 4 0 22 6 16
161 3 1 0 10 5 5
160 12 5 0 57 22 35
59 1 4 0 24 1 23
58 1 6 0 32 1 31
57 5 3 0 31 17 14
56 3 6 0 48 7 41
55 3 2 0 11 3 8
54 1 0 0 15 3 12
53 7 2 0 14 8 6
52 1 2 0 7 1 6
51 4 0 0 12 5 7
50 1 6 0 38 1 37
159 13 6 9 87 24 63
158 4 3 21 186 7 179
157 2 1 0 12 2 10
156 3 4 13 38 4 34
155 2 6 66 402 23 379
154 43 14 60 625 221 404
153 3 1 2 19 4 15
152 2 38 64 621 6 615
151 7 11 2 55 9 46
150 6 8 7 43 10 33
49 6 0 0 13 12 1
48 1 1 0 25 1 24
47 1 6 0 28 9 19
46 1 9 0 22 1 21
45 1 4 0 25 1 24
44 3 3 0 11 3 8
43 7 0 0 11 11 0
42 6 1 0 13 6 7
41 0 12 0 41 0 41
40 1 2 0 6 1 5
149 109 17 87 2025 1612 413
148 4 22 16 213 9 204
147 27 49 46 603 73 530
146 8 4 5 36 13 23
145 1 7 34 201 5 196
144 11 15 0 158 49 109
143 9 4 15 153 113 40
142 6 22 51 468 12 456
141 2 3 11 106 4 102
140 6 2 2 63 21 42
39 1 0 0 19 1 18
38 1 14 0 41 1 40
37 5 0 0 6 6 0
36 3 0 0 5 3 2
35 2 4 0 17 2 15
34 1 0 0 2 2 0
33 3 0 0 3 3 0
32 2 0 0 6 2 4
31 7 4 0 61 11 50
30 14 2 0 94 89 5
139 2 3 0 38 9 29
138 5 0 0 30 7 23
137 15 2 2 60 42 18
136 6 0 5 52 15 37
135 3 6 2 67 9 58
134 10 8 0 114 25 89
133 1 15 1 139 6 133
132 1 2 0 90 30 60
131 2 18 7 122 6 116
130 11 5 1 55 21 34
29 12 26 0 224 24 200
28 4 0 0 5 5 0
27 3 0 0 7 4 3
26 1 10 0 29 1 28
25 0 0 0 4 0 4
24 0 1 0 4 0 4
23 2 4 0 37 5 32
22 1 1 0 13 3 10
21 7 2 0 23 10 13
20 3 0 0 4 4 0
9 2 3 0 20 3 17
8 3 9 0 40 3 37
7 2 0 0 5 2 3
129 24 5 1 116 77 39
6 2 1 0 7 2 5
128 1 3 0 18 2 16
5 10 2 0 37 23 14
127 9 0 0 23 23 0
4 1 3 0 20 3 17
126 4 2 0 42 7 35
3 2 5 0 16 4 12
125 1 0 0 3 3 0
2 1 1 0 6 1 5
124 6 10 1 97 11 86
1 7 0 0 14 7 7
123 11 13 5 98 20 78
0 9 0 0 30 25 5
122 7 2 16 85 55 30
121 4 14 12 165 8 157
120 0 2 5 25 0 25
19 5 2 0 26 11 15
18 4 3 0 42 34 8
17 1 1 0 9 2 7
16 4 6 0 30 4 26
15 7 1 0 13 10 3
14 7 5 0 40 20 20
13 1 3 0 11 1 10
12 2 0 0 2 2 0
11 1 21 0 76 1 75
10 1 2 0 8 1 7
119 2 19 20 160 2 158
118 2 61 13 244 3 241
117 7 2 2 23 17 6
116 1 5 2 70 1 69
115 3 2 2 14 5 9
114 2 3 5 55 2 53
113 5 1 2 30 8 22
112 2 6 5 39 2 37
111 1 20 25 229 1 228
110 2 1 2 11 4 7

