109 18 22 4 129 34 95
108 2 1 2 10 4 6
107 6 1 2 27 9 18
106 9 14 4 92 14 78
105 3 24 13 123 3 120
104 9 23 2 67 10 57
103 5 0 4 19 9 10
102 1 4 2 24 4 20
101 5 5 2 48 27 21
100 2 8 2 45 5 40
99 2 0 2 12 4 8
98 1 5 2 29 1 28
97 4 2 8 56 4 52
96 1 16 11 71 1 70
95 14 14 13 144 41 103
94 0 1 2 31 0 31
93 2 7 4 33 2 31
92 2 4 10 63 2 61
91 0 6 6 65 0 65
90 9 1 2 22 10 12
199 13 48 36 637 39 598
198 3 1 0 10 5 5
197 17 7 9 94 31 63
196 8 3 21 228 9 219
195 6 14 30 238 27 211
194 3 4 13 38 4 34
193 0 3 49 283 0 283
192 2 9 66 409 23 386
191 3 1 2 19 4 15
190 55 18 65 732 277 455
89 13 5 4 185 121 64
88 1 4 0 13 1 12
87 5 1 0 11 7 4
86 5 0 0 11 11 0
85 13 2 0 62 38 24
84 2 2 0 20 2 18
83 2 6 0 19 2 17
82 1 1 0 20 3 17
81 4 6 0 21 4 17
80 27 16 0 110 73 37
189 126 77 1001 5398 1873 3525
188 1 11 39 253 6 247
187 3 4 2 34 11 23
186 17 3 0 35 23 12
185 73 95 301 3026 654 2372
184 16 22 5 222 52 170
183 4 24 16 217 9 208
182 9 3 5 36 13 23
181 3 1 0 23 4 19
180 3 29 29 222 6 216
79 1 4 0 7 1 6
78 7 3 0 17 7 10
77 3 0 0 6 3 3
76 5 3 0 26 5 21
75 1 4 0 24 1 23
74 2 2 0 16 2 14
73 3 7 0 48 7 41
72 1 0 0 15 3 12
71 8 2 0 15 9 6
70 1 2 0 9 1 8
179 7 5 6 43 9 34
178 38 20 5 274 112 162
177 12 5 15 162 122 40
176 3 3 11 126 4 122
175 8 3 2 69 25 44
174 7 28 62 558 18 540
173 22 13 28 454 143 311
172 2 3 0 38 9 29
171 8 17 3 87 18 69
170 3 7 5 73 4 69
69 1 1 0 5 1 4
68 3 1 0 22 5 17
67 7 0 0 14 14 0
66 6 2 0 20 9 11
65 10 0 0 20 15 5
64 1 16 0 42 1 41
63 11 0 0 17 17 0
62 3 0 0 5 3 2
61 2 0 0 2 2 0
60 6 6 0 62 12 50
208 18 12 14 204 69 135
207 25 29 5 233 78 155
206 7 5 4 119 28 91
205 126 22 91 2097 1595 502
204 45 72 107 1494 145 1349
203 17 2 10 106 39 67
202 3 9 0 46 3 43
201 7 7 0 35 14 21
169 7 0 0 30 7 23
200 2 5 0 22 6 16
168 1 1 3 66 12 54
167 10 0 0 32 17 15
166 6 13 8 132 13 119
165 5 2 1 28 6 22
164 1 9 0 80 2 78
163 10 4 0 45 22 23
162 4 9 4 69 12 57
161 17 2 2 66 48 18
160 27 6 36 467 260 207
59 7 0 0 8 8 0
58 3 0 0 11 8 3
57 0 1 0 4 0 4
56 2 6 0 17 2 15
55 8 2 0 27 12 15
54 4 7 0 30 4 26
53 10 7 0 57 25 32
52 1 3 0 11 1 10
51 1 2 0 8 1 7
50 3 0 0 4 3 1
159 8 0 5 67 20 47
158 8 3 0 19 8 11
157 12 12 0 114 25 89
156 1 17 0 137 6 131
155 2 5 0 29 5 24
154 1 2 0 90 30 60
153 9 3 0 33 16 17
152 7 16 19 278 13 265
151 2 19 7 127 6 121
150 12 5 1 57 22 35
49 2 10 0 42 4 38
48 2 0 0 5 2 3
47 2 1 0 7 2 5
46 4 5 0 18 6 12
45 4 3 0 12 4 8
44 4 1 0 7 5 2
43 13 2 0 43 23 20
42 13 0 0 30 25 5
41 2 0 0 3 2 1
40 2 0 0 4 2 2
149 27 7 3 153 90 63
148 1 4 0 84 6 78
147 1 3 0 18 2 16
146 11 0 0 33 33 0
145 1 0 0 3 3 0
144 2 7 0 66 3 63
143 8 12 1 99 11 88
142 13 15 5 99 20 79
141 1 2 0 10 2 8
140 10 2 16 85 55 30
39 1 4 0 14 1 13
38 2 0 0 14 2 12
37 0 0 0 2 0 2
36 2 0 0 2 2 0
35 6 13 0 131 52 79
34 2 1 0 12 3 9
33 6 6 0 23 6 17
32 1 7 0 32 1 31
31 8 3 0 38 23 15
30 3 2 0 11 3 8
139 0 2 5 29 0 29
138 4 16 12 184 8 176
137 2 23 23 210 2 208
136 8 72 16 268 11 257
135 6 2 2 22 16 6
134 2 2 2 14 5 9
133 2 3 5 65 2 63
132 7 1 2 32 10 22
131 2 8 5 39 2 37
130 1 22 25 230 1 229
29 2 0 0 8 3 5
28 5 0 0 13 6 7
27 1 6 0 38 1 37
26 1 1 0 6 1 5
25 6 0 0 13 12 1
24 1 1 0 28 1 27
23 1 8 0 28 9 19
22 1 10 0 22 1 21
21 2 4 0 11 3 8
20 1 2 0 6 1 5
9 4 3 0 42 34 8
8 8 1 0 14 11 3
7 4 11 0 48 6 42
129 4 1 2 12 5 7
6 2 0 0 2 2 0
128 2 10 11 72 3 69
5 1 25 0 80 1 79
127 41 6 6 186 135 51
4 3 3 0 20 3 17
126 3 5 2 37 14 23
3 10 2 0 39 27 12
125 3 31 2 130 3 127
2 1 3 0 9 1 8
124 8 5 5 35 17 18
1 1 1 0 6 1 5
123 1 5 4 30 1 29
0 9 0 0 18 11 7
122 5 7 8 61 21 40
121 1 2 2 24 1 23
120 2 5 2 37 3 34
19 1 0 0 19 1 18
18 3 0 0 3 3 0
17 1 2 0 10 2 8
16 15 2 0 95 89 6
15 13 30 0 257 29 228
14 1 0 0 5 1 4
13 10 6 0 31 11 20
12 8 2 0 25 11 14
11 1 2 0 8 3 5
10 3 0 0 4 4 0
119 2 11 2 27 2 25
118 3 7 4 54 5 49
117 1 7 4 29 1 28
116 29 11 2 117 80 37
115 5 8 6 75 35 40
114 1 9 2 56 1 55
113 5 3 2 20 11 9
112 2 16 5 69 2 67
111 10 12 4 61 17 44
110 2 1 5 58 2 56

