109 2 1 5 58 2 56
108 1 16 10 92 1 91
107 19 20 4 125 31 94
106 7 1 2 27 9 18
105 8 14 4 91 13 78
104 3 25 13 123 3 120
103 8 19 2 67 10 57
102 6 0 4 19 9 10
101 1 2 2 24 4 20
100 5 5 2 48 27 21
99 2 7 2 45 5 40
98 2 0 2 12 4 8
97 1 5 2 29 1 28
96 3 4 8 56 4 52
95 1 14 11 70 1 69
94 12 15 13 142 39 103
93 0 1 2 31 0 31
92 2 7 4 33 2 31
91 2 4 10 62 2 60
90 0 5 6 65 0 65
199 10 12 19 248 19 229
198 20 12 14 202 67 135
197 13 6 0 45 16 29
196 1 10 24 168 3 165
195 3 2 6 45 4 41
194 9 9 6 114 27 87
193 18 2 10 104 39 65
192 3 8 0 46 3 43
191 61 60 89 1457 309 1148
190 75 108 442 3884 658 3226
89 8 2 2 22 10 12
88 15 4 4 185 121 64
87 1 4 0 13 1 12
86 5 1 0 8 5 3
85 6 2 0 11 7 4
84 4 0 0 11 11 0
83 12 2 0 62 38 24
82 2 2 0 20 2 18
81 2 6 0 19 2 17
80 1 1 0 20 3 17
189 3 4 0 22 6 16
188 3 9 0 81 4 77
187 25 15 1 145 70 75
186 4 1 0 10 5 5
185 17 9 9 94 31 63
184 7 3 21 228 9 219
183 7 12 30 230 27 203
182 3 4 13 38 4 34
181 1 4 54 274 2 272
180 2 10 66 409 23 386
79 4 6 0 21 4 17
78 26 18 0 110 73 37
77 1 3 0 7 1 6
76 7 3 0 17 7 10
75 5 3 0 26 5 21
74 1 4 0 24 1 23
73 2 2 0 16 2 14
72 3 7 0 48 7 41
71 2 6 0 27 2 25
70 1 0 0 15 3 12
179 3 1 2 19 4 15
178 106 60 360 3379 1260 2119
177 50 16 65 723 267 456
176 4 3 0 25 5 20
175 4 4 2 34 11 23
174 17 21 5 247 62 185
173 6 3 6 38 9 29
172 13 11 30 441 99 342
171 4 22 16 217 9 208
170 9 4 5 36 13 23
69 9 2 0 15 9 6
68 1 2 0 8 1 7
67 1 1 0 5 1 4
66 2 1 0 22 5 17
65 6 0 0 14 14 0
64 4 3 0 20 9 11
63 1 15 0 41 1 40
62 10 0 0 17 17 0
61 2 8 0 28 2 26
60 3 0 0 5 3 2
203 29 15 17 265 97 168
202 20 12 16 176 84 92
201 1 4 0 98 7 91
169 139 53 572 4130 2406 1724
200 18 0 0 52 32 20
168 1 2 0 32 6 26
167 3 1 0 23 4 19
166 3 28 29 222 6 216
165 11 6 15 162 122 40
164 3 3 11 126 4 122
163 7 2 2 65 21 44
162 7 23 62 550 18 532
161 2 2 0 38 9 29
160 9 15 3 87 18 69
59 2 0 0 2 2 0
58 2 0 0 6 2 4
57 6 6 0 63 12 51
56 7 0 0 8 8 0
55 3 0 0 11 8 3
54 0 1 0 4 0 4
53 2 5 0 17 2 15
52 8 3 0 27 12 15
51 4 8 0 30 4 26
50 10 8 0 57 25 32
159 6 0 0 30 7 23
158 5 2 1 28 6 22
157 18 2 2 66 48 18
156 7 0 5 67 20 47
155 8 3 0 19 8 11
154 10 10 0 114 25 89
153 1 17 1 139 6 133
152 2 3 0 29 5 24
151 1 2 0 90 30 60
150 5 16 19 278 13 265
49 1 3 0 11 1 10
48 1 2 0 8 1 7
47 3 0 0 4 3 1
46 2 12 0 42 4 38
45 2 0 0 5 2 3
44 2 1 0 7 2 5
43 4 4 0 16 4 12
42 4 2 0 12 4 8
41 4 1 0 7 5 2
40 12 0 0 30 25 5
149 2 18 7 127 6 121
148 10 5 1 56 22 34
147 29 6 3 153 90 63
146 1 5 4 38 2 36
145 1 2 0 18 2 16
144 9 0 0 29 29 0
143 9 4 0 46 25 21
142 1 0 0 3 3 0
141 9 13 1 99 11 88
140 11 13 5 98 20 78
39 5 5 0 14 5 9
38 2 0 0 3 2 1
37 2 0 0 4 2 2
36 2 0 0 14 2 12
35 0 0 0 2 0 2
34 2 0 0 2 2 0
33 6 13 0 131 52 79
32 3 1 0 12 3 9
31 1 6 0 32 1 31
30 6 2 0 36 21 15
139 1 2 0 10 2 8
138 0 2 5 25 0 25
137 4 17 12 174 8 166
136 2 22 23 204 2 202
135 7 71 16 265 11 254
134 7 2 2 23 17 6
133 3 2 2 14 5 9
132 2 3 5 65 2 63
131 7 1 2 32 10 22
130 2 8 5 39 2 37
29 3 2 0 11 3 8
28 2 0 0 8 3 5
27 5 0 0 13 6 7
26 1 6 0 38 1 37
25 1 1 0 6 1 5
24 7 0 0 13 12 1
23 1 1 0 25 1 24
22 1 6 0 28 9 19
21 3 3 0 11 3 8
20 1 2 0 6 1 5
9 2 0 0 4 4 0
8 4 3 0 42 34 8
7 9 1 0 14 11 3
129 1 20 25 230 1 229
6 2 0 0 2 2 0
128 4 1 2 12 5 7
5 1 23 0 80 1 79
127 2 8 11 72 3 69
4 3 4 0 20 3 17
126 2 3 2 12 4 8
3 11 1 0 39 27 12
125 38 5 6 183 132 51
2 1 3 0 8 1 7
124 3 5 2 37 14 23
1 1 1 0 6 1 5
123 3 27 2 129 3 126
0 9 0 0 18 11 7
122 7 5 5 35 17 18
121 1 5 4 30 1 29
120 6 7 8 61 21 40
19 1 0 0 19 1 18
18 2 13 0 57 2 55
17 3 0 0 3 3 0
16 14 2 0 94 88 6
15 7 7 0 26 10 16
14 14 30 0 253 29 224
13 0 0 0 4 0 4
12 5 11 0 46 6 40
11 4 1 0 8 5 3
10 9 2 0 24 11 13
119 1 2 2 24 1 23
118 2 5 2 37 3 34
117 1 10 2 26 1 25
116 3 6 4 54 5 49
115 1 6 4 29 1 28
114 5 8 6 74 35 39
113 1 7 2 54 1 53
112 5 2 2 20 11 9
111 2 15 5 69 2 67
110 11 12 4 61 17 44

