109 1 4 2 28 1 27
108 9 1 16 84 54 30
107 4 14 12 157 13 144
106 3 3 8 29 4 25
105 2 17 20 143 2 141
104 2 62 11 227 2 225
103 7 1 2 23 17 6
102 11 11 4 53 13 40
101 2 1 5 40 3 37
100 6 11 4 84 13 71
99 5 1 2 25 7 18
98 4 11 6 76 8 68
97 2 3 5 50 3 47
96 9 3 4 85 74 11
95 4 1 2 28 6 22
94 8 21 2 62 9 53
93 2 9 5 39 2 37
92 4 5 2 48 27 21
91 2 0 2 12 4 8
90 2 8 7 55 2 53
89 34 6 6 156 107 49
88 3 4 8 53 3 50
87 1 14 11 70 1 69
86 2 1 2 13 3 10
85 0 1 2 29 0 29
84 3 5 2 36 13 23
83 2 2 2 27 2 25
82 1 5 2 20 1 19
81 1 0 2 10 1 9
80 5 3 5 26 13 13
79 2 4 10 62 2 60
78 1 0 2 10 1 9
77 1 2 2 24 1 23
76 0 3 2 16 0 16
75 1 3 2 25 2 23
74 1 6 4 29 1 28
73 7 6 2 39 11 28
72 7 3 2 20 8 12
71 11 3 4 138 91 47
70 8 6 0 54 18 36
69 1 3 0 12 1 11
68 20 8 0 77 51 26
67 2 0 0 4 2 2
66 6 1 0 12 8 4
65 3 16 0 65 3 62
64 2 0 0 4 4 0
63 4 2 0 8 4 4
62 2 0 0 14 2 12
61 1 1 0 20 3 17
60 17 17 0 71 41 30
160 3 7 0 35 6 29
59 7 13 0 131 52 79
58 1 4 0 7 1 6
57 4 3 0 15 5 10
56 2 1 0 12 3 9
55 3 2 0 21 3 18
54 5 2 0 26 14 12
53 5 6 0 47 7 40
52 3 3 0 11 3 8
51 6 1 0 26 16 10
50 1 0 0 15 3 12
159 1 3 0 91 7 84
158 40 31 115 1103 225 878
157 20 12 4 130 43 87
156 37 17 18 329 138 191
155 20 13 16 366 76 290
154 13 9 12 147 40 107
153 6 7 16 108 17 91
152 11 7 0 40 13 27
151 8 5 20 178 47 131
150 24 6 2 116 69 47
49 6 2 0 14 8 6
48 1 0 0 1 1 0
47 6 1 0 27 17 10
46 1 2 0 7 1 6
45 3 0 0 10 3 7
44 7 0 0 13 12 1
43 1 6 0 28 9 19
42 1 9 0 22 1 21
41 4 3 0 17 6 11
40 5 0 0 10 10 0
149 4 40 116 1044 9 1035
148 16 12 6 134 66 68
147 19 36 61 694 59 635
146 11 6 0 56 22 34
145 1 12 0 53 2 51
144 2 1 0 12 2 10
143 51 63 149 1507 290 1217
142 2 10 26 169 15 154
141 34 10 5 302 128 174
140 1 10 27 146 4 142
39 1 16 0 41 1 40
38 3 0 0 5 3 2
37 1 5 0 12 1 11
36 5 6 0 37 5 32
35 4 4 0 51 8 43
34 1 1 0 7 1 6
33 16 2 0 97 92 5
32 8 6 0 26 10 16
31 5 3 0 25 7 18
30 12 31 0 207 20 187
139 6 4 0 101 11 90
138 2 4 4 41 2 39
137 17 20 21 278 38 240
136 4 24 16 212 9 203
135 88 48 258 2781 948 1833
134 2 2 0 8 2 6
133 11 19 1 143 41 102
132 3 3 12 92 5 87
131 7 3 2 62 20 42
130 7 9 19 206 39 167
29 2 0 0 2 2 0
28 8 4 0 30 14 16
27 0 0 0 4 0 4
26 2 0 0 4 3 1
25 1 1 0 5 1 4
24 7 2 0 17 11 6
23 4 4 0 37 5 32
22 7 7 0 26 8 18
21 5 2 0 20 8 12
20 2 2 0 13 2 11
9 2 11 0 39 2 37
8 3 1 0 8 3 5
7 2 0 0 6 3 3
129 2 4 0 38 9 29
6 2 1 0 7 2 5
128 12 5 13 159 55 104
5 7 2 0 31 17 14
127 83 31 117 2298 1457 841
4 1 1 0 6 1 5
126 6 13 8 102 19 83
3 6 0 0 13 6 7
125 2 0 6 31 3 28
2 1 2 0 7 1 6
124 0 2 10 76 0 76
1 4 6 0 13 4 9
123 12 3 2 53 35 18
0 1 3 0 13 1 12
122 4 0 5 40 14 26
121 1 14 1 127 6 121
120 1 2 0 90 30 60
19 7 2 0 25 10 15
18 4 3 0 42 34 8
17 2 3 0 9 2 7
16 3 9 0 29 3 26
15 2 2 0 12 4 8
14 5 1 0 10 7 3
13 8 9 0 36 16 20
12 1 3 0 11 1 10
11 1 25 0 72 1 71
10 1 2 0 8 1 7
119 3 1 12 76 6 70
118 2 10 14 201 5 196
117 3 2 0 35 4 31
116 1 3 0 18 2 16
115 1 0 0 3 3 0
114 8 11 1 87 10 77
113 37 0 0 191 181 10
112 11 11 5 98 19 79
111 5 8 6 74 35 39
110 1 8 2 46 1 45

