29 1 5 2 43 1 42
28 1 1 6 41 1 40
27 4 9 6 92 14 78
26 8 6 37 257 24 233
25 4 1 4 37 11 26
24 5 6 5 114 18 96
23 2 2 5 28 2 26
22 1 5 2 33 1 32
21 1 4 4 48 7 41
20 5 2 2 30 16 14
9 2 0 0 17 3 14
8 0 0 0 8 0 8
19 0 5 2 41 0 41
7 1 3 0 20 1 19
18 2 8 7 93 4 89
6 3 1 0 11 3 8
17 2 5 2 62 3 59
5 1 0 0 11 10 1
16 3 1 88 281 30 251
4 1 1 0 3 1 2
15 1 7 2 60 5 55
3 13 0 0 50 39 11
14 2 4 4 58 9 49
2 14 2 0 66 37 29
13 1 5 2 43 3 40
1 2 0 0 14 4 10
12 3 5 4 39 7 32
0 1 3 0 19 3 16
11 7 3 5 61 28 33
43 17 5 15 240 90 150
10 1 0 4 39 3 36
42 0 4 2 45 0 45
41 0 9 33 186 0 186
40 32 17 199 1470 613 857
39 26 25 358 1846 255 1591
38 3 0 22 291 152 139
37 5 5 8 69 10 59
36 1 5 30 283 1 282
35 4 10 3 118 12 106
34 1 0 4 14 3 11
33 2 1 0 35 3 32
32 2 6 4 76 5 71
31 1 5 25 96 1 95
30 1 1 671 1177 5 1172

