59 4 7 29 237 30 207
58 1 1 4 29 2 27
57 6 0 20 83 28 55
56 1 9 5 68 1 67
55 2 0 23 46 2 44
54 0 1 11 88 0 88
53 2 5 2 30 2 28
52 3 5 20 94 5 89
51 18 2 29 173 129 44
50 0 2 2 26 0 26
49 1 1 1170 3542 5 3537
48 7 6 20 168 32 136
47 3 7 14 117 18 99
46 0 1 2 13 0 13
45 1 2 4 25 2 23
44 3 4 2 39 6 33
43 4 1 2 34 19 15
42 1 0 38 174 7 167
41 1 1 6 33 1 32
40 1 3 13 58 1 57
39 2 3 2 20 2 18
38 2 2 6 37 3 34
37 2 1 2 21 3 18
36 2 5 6 48 3 45
35 0 7 2 64 0 64
34 0 2 2 9 0 9
33 2 2 2 16 6 10
32 2 4 10 48 3 45
31 0 8 5 72 0 72
30 2 0 4 41 5 36
29 5 1 0 38 22 16
28 2 0 0 7 3 4
27 2 1 0 38 2 36
26 3 0 0 7 4 3
25 11 0 0 55 43 12
24 1 1 0 22 2 20
23 1 1 0 18 1 17
22 1 1 0 21 5 16
21 1 0 0 8 1 7
20 3 4 0 21 5 16
9 1 0 0 10 1 9
8 2 5 0 22 2 20
7 5 0 0 13 12 1
6 8 0 0 21 11 10
5 1 1 0 4 1 3
4 0 1 0 18 0 18
3 2 1 0 11 3 8
2 4 3 0 57 12 45
1 1 2 0 15 1 14
0 1 8 0 52 1 51
19 0 6 0 27 0 27
18 5 1 0 26 9 17
17 2 2 0 20 2 18
16 1 2 0 6 1 5
15 3 1 0 14 6 8
14 1 0 0 23 2 21
13 0 0 0 8 0 8
12 0 0 0 19 0 19
11 2 2 0 32 3 29
10 1 1 0 10 2 8
73 8 5 5 84 29 55
72 2 3 11 138 16 122
71 9 16 91 592 76 516
70 50 44 1293 3756 529 3227
69 3 0 76 574 151 423
68 6 7 7 120 24 96
67 3 1 12 238 41 197
66 4 10 8 165 13 152
65 4 0 152 775 35 740
64 3 3 1 59 6 53
63 1 3 4 49 2 47
62 0 1 0 53 0 53
61 1 1 0 33 1 32
60 2 8 6 87 7 80

