29 1 5 2 56 6 50
28 1 2 2 11 2 9
27 1 5 10 49 3 46
59 2 0 49 414 151 263
26 2 2 2 16 6 10
58 10 7 22 342 155 187
25 9 3 4 70 29 41
57 2 1 4 89 6 83
56 3 2 6 65 6 59
24 4 0 4 41 5 36
55 3 5 6 62 22 40
23 1 2 0 7 1 6
54 1 3 4 40 4 36
22 1 4 0 27 1 26
53 3 3 0 16 3 13
21 2 1 0 12 4 8
52 1 2 0 18 2 16
20 2 0 0 26 3 23
51 1 1 0 33 1 32
50 3 9 6 87 6 81
9 6 0 0 12 9 3
19 0 0 0 19 0 19
8 0 1 0 12 0 12
18 1 1 0 10 2 8
7 9 0 0 22 12 10
49 7 7 2 70 22 48
17 0 3 0 12 0 12
6 0 1 0 14 0 14
48 3 10 31 219 25 194
16 1 0 0 10 1 9
5 2 2 0 34 5 29
47 2 1 4 31 4 27
15 1 7 0 29 1 28
4 2 0 0 14 4 10
46 8 0 20 81 26 55
14 2 2 0 32 2 30
3 5 4 0 48 11 37
45 1 5 2 40 2 38
13 1 2 0 11 2 9
2 2 3 0 19 3 16
44 17 4 29 166 124 42
12 4 0 0 11 10 1
1 1 3 0 16 1 15
11 13 4 0 84 48 36
0 3 1 0 21 4 17
43 1 4 2 25 1 24
10 10 0 0 46 34 12
42 0 2 2 26 0 26
41 1 1 1036 2356 5 2351
40 4 6 20 160 27 133
39 4 8 10 111 13 98
38 0 1 2 13 0 13
37 3 5 8 125 12 113
36 4 1 2 32 17 15
35 1 9 6 77 1 76
34 1 3 2 20 2 18
33 5 1 2 33 13 20
32 1 6 15 45 1 44
63 21 35 288 1703 182 1521
31 1 5 2 28 1 27
62 2 2 2 47 8 39
30 1 1 2 21 3 18
61 45 37 706 2836 597 2239
60 1 5 0 39 2 37

