19 0 0 2 21 0 21
18 1 2 9 36 2 34
17 2 4 2 37 3 34
16 1 0 2 45 4 41
15 5 2 2 46 24 22
14 0 3 7 67 0 67
13 1 5 7 50 3 47
12 1 2 2 36 1 35
11 1 0 4 39 3 36
10 1 2 0 24 3 21
9 4 0 0 17 7 10
8 2 0 0 36 3 33
7 4 0 0 34 23 11
28 3 0 1 24 9 15
6 2 0 0 13 2 11
27 15 12 110 827 228 599
5 2 1 0 25 15 10
26 2 0 620 842 15 827
4 4 1 0 27 13 14
25 10 12 152 842 171 671
3 2 0 0 12 3 9
24 2 3 8 136 4 132
2 3 4 0 59 11 48
23 0 7 26 147 0 147
1 3 1 0 15 6 9
22 5 7 67 377 25 352
0 1 2 0 11 1 10
21 1 13 93 633 6 627
20 8 3 15 252 84 168

