59 3 2 2 34 12 22
58 2 2 2 20 2 18
57 2 2 6 37 3 34
56 2 5 7 97 11 86
55 3 8 7 87 22 65
54 1 7 4 52 3 49
53 1 0 2 26 1 25
52 6 4 4 76 26 50
51 1 1 2 41 2 39
50 3 8 2 123 14 109
117 1 2 1 28 1 27
116 10 14 9 251 47 204
115 1 7 24 244 14 230
114 5 2 31 153 65 88
113 12 7 15 250 86 164
112 0 10 3 120 0 120
111 19 25 165 1056 100 956
110 4 11 23 171 18 153
49 2 3 2 16 6 10
48 2 8 8 64 2 62
47 1 8 5 55 1 54
46 4 1 2 43 9 34
45 4 0 4 43 7 36
44 1 3 0 17 1 16
43 1 0 0 6 3 3
42 1 7 0 19 1 18
41 2 2 0 12 6 6
40 7 0 0 10 8 2
109 87 78 2097 6652 1080 5572
108 16 5 4 185 105 80
107 4 6 0 60 8 52
106 8 5 3 83 33 50
105 2 7 6 120 6 114
104 2 1 2 45 5 40
103 3 2 0 19 6 13
102 2 4 0 63 11 52
101 5 13 47 295 43 252
100 3 0 47 665 224 441
39 1 2 0 26 6 20
38 2 2 0 20 2 18
37 1 2 0 6 1 5
36 0 0 0 8 0 8
35 0 2 0 16 0 16
34 1 2 0 32 3 29
99 3 2 1 41 12 29
33 0 3 0 28 0 28
98 10 5 0 32 19 13
32 1 5 0 28 1 27
97 2 1 12 214 49 165
31 2 1 0 15 2 13
96 1 5 72 247 3 244
30 11 0 0 31 21 10
95 12 3 23 240 42 198
94 4 0 230 890 35 855
93 7 11 65 373 41 332
92 2 2 1 44 11 33
91 2 1 2 57 4 53
90 1 3 2 40 1 39
29 3 1 0 12 9 3
28 1 0 0 13 2 11
27 1 2 0 17 1 16
26 2 2 0 6 3 3
25 1 0 0 12 2 10
24 2 0 0 7 2 5
89 1 0 8 21 2 19
23 3 3 0 19 4 15
88 3 6 39 136 21 115
87 5 8 43 319 39 280
22 1 0 0 3 2 1
86 2 1 4 26 7 19
21 4 6 0 55 11 44
85 7 0 24 127 58 69
20 1 1 0 24 1 23
84 2 0 5 63 8 55
83 1 3 18 34 1 33
82 2 3 4 40 11 29
81 1 0 23 45 1 44
80 1 0 19 42 7 35
9 1 3 0 20 1 19
8 1 0 0 10 1 9
7 3 3 0 49 13 36
6 1 2 0 25 3 22
5 0 2 0 15 0 15
4 4 0 0 18 17 1
3 1 2 0 34 1 33
2 2 0 0 9 4 5
1 0 3 0 33 0 33
0 2 3 0 16 2 14
19 7 0 0 18 8 10
18 6 0 0 28 15 13
17 5 6 0 40 21 19
16 1 0 0 31 2 29
15 1 1 0 10 1 9
14 5 1 0 18 10 8
79 3 1 2 21 14 7
13 1 1 0 26 2 24
78 1 4 2 32 10 22
77 2 0 6 25 5 20
12 4 4 0 44 12 32
76 0 1 11 92 0 92
11 1 1 0 15 1 14
75 2 4 2 29 2 27
10 1 1 0 11 3 8
74 1 1 4 31 3 28
73 2 8 6 49 3 46
72 2 7 20 112 5 107
71 23 3 29 216 168 48
70 0 2 2 26 0 26
69 1 2 1192 4795 5 4790
68 7 1 2 40 21 19
67 0 5 2 19 0 19
66 2 3 4 29 4 25
65 1 2 2 13 1 12
64 1 2 6 57 7 50
63 1 0 60 207 7 200
62 1 4 2 49 1 48
61 5 1 8 80 23 57
60 1 1 6 41 2 39

