59 2 6 20 94 5 89
58 16 2 29 172 127 45
57 0 2 2 26 0 26
56 2 3 21 56 4 52
55 0 6 5 61 0 61
54 1 1 1306 3974 5 3969
53 5 7 20 165 21 144
52 0 1 2 13 0 13
51 1 1 2 24 1 23
50 1 2 4 25 2 23
49 2 1 2 24 9 15
48 1 0 38 174 7 167
47 1 0 8 60 5 55
46 1 1 6 34 1 33
45 3 2 2 32 10 22
44 1 6 13 61 1 60
43 2 2 2 20 2 18
42 2 2 6 37 3 34
41 2 7 4 53 3 50
40 1 0 2 19 1 18
39 0 8 2 65 0 65
38 4 11 29 184 22 162
37 2 2 2 16 6 10
36 1 4 10 53 3 50
35 4 0 4 43 7 36
34 1 3 0 16 1 15
33 5 4 0 57 26 31
32 4 1 0 39 23 16
31 2 0 0 7 3 4
30 6 8 0 61 16 45
29 1 1 0 22 1 21
28 1 1 0 10 1 9
27 1 3 0 53 6 47
26 2 0 0 7 4 3
25 15 0 0 64 50 14
24 1 1 0 22 2 20
88 6 14 65 408 21 387
23 1 0 0 28 2 26
22 1 1 0 25 5 20
87 65 61 1478 4880 591 4289
21 1 1 0 10 1 9
86 11 5 5 87 32 55
20 0 6 0 27 0 27
85 22 12 18 645 264 381
84 7 3 0 42 12 30
83 3 0 76 590 167 423
82 2 4 23 215 25 190
81 10 4 8 172 60 112
80 3 1 12 238 41 197
9 2 3 0 23 3 20
8 3 0 0 15 14 1
7 1 3 0 20 1 19
6 1 2 0 26 7 19
5 8 0 0 23 13 10
4 2 1 0 7 4 3
3 0 2 0 29 0 29
2 0 2 0 13 0 13
1 1 0 0 13 2 11
0 1 10 0 52 1 51
19 2 2 0 20 2 18
18 1 2 0 6 1 5
17 5 1 0 18 10 8
16 1 1 0 25 2 23
15 0 0 0 19 0 19
14 0 3 0 14 0 14
79 1 5 1 30 1 29
13 1 2 0 32 3 29
78 4 0 152 775 35 740
12 2 1 0 10 2 8
77 2 3 1 59 6 53
11 1 0 0 10 1 9
76 14 2 2 83 59 24
10 1 4 0 8 1 7
75 2 3 0 16 3 13
74 2 5 1 83 12 71
73 2 1 2 57 4 53
72 2 11 2 55 6 49
71 1 3 2 34 1 33
70 1 0 8 21 2 19
69 6 9 31 259 31 228
68 2 3 2 53 10 43
67 6 0 20 87 32 55
66 1 9 5 67 1 66
65 2 0 23 46 2 44
64 2 4 2 32 10 22
63 0 1 11 91 0 91
62 2 4 2 29 2 27
61 1 1 4 29 2 27
60 3 1 6 48 7 41

