29 1 0 4 14 3 11
28 12 3 0 56 41 15
27 2 6 4 98 4 94
26 1 5 4 66 2 64
25 4 5 8 74 8 66
24 7 5 0 114 18 96
23 10 2 2 73 42 31
22 3 8 4 70 5 65
21 1 1 605 1054 5 1049
20 1 4 2 40 1 39
9 3 0 0 36 3 33
8 0 0 0 8 0 8
19 1 0 2 23 2 21
7 0 7 0 24 0 24
18 5 7 27 189 21 168
6 2 0 0 12 4 8
17 3 1 4 31 6 25
5 4 11 0 71 14 57
16 2 3 5 33 4 29
4 4 5 0 48 12 36
15 1 1 2 29 1 28
3 1 0 0 8 7 1
14 0 6 10 80 0 80
2 13 0 0 47 36 11
13 1 10 2 60 2 58
1 12 1 0 48 34 14
12 10 2 2 71 52 19
0 1 3 0 19 3 16
11 2 5 2 42 3 39
10 1 0 4 39 3 36
38 7 12 46 218 11 207
37 23 11 48 502 196 306
36 5 14 33 227 14 213
35 2 9 16 98 3 95
34 0 9 33 180 0 180
33 10 6 2 121 43 78
32 3 0 22 270 131 139
31 27 24 455 1814 447 1367
30 12 11 110 674 51 623

