59 5 0 20 83 28 55
58 2 0 23 46 2 44
57 2 4 2 32 10 22
56 2 3 2 41 5 36
55 0 1 11 88 0 88
54 1 5 2 29 2 27
53 1 2 2 45 1 44
52 3 6 20 94 5 89
51 18 3 29 171 127 44
50 0 2 2 26 0 26
49 1 2 5 32 1 31
48 7 4 2 63 16 47
47 1 1 1170 3542 5 3537
46 4 7 20 158 21 137
45 4 8 14 117 18 99
44 0 1 2 13 0 13
43 1 3 4 25 2 23
42 3 4 2 38 6 32
41 6 1 2 34 19 15
40 1 0 38 174 7 167
39 1 1 6 33 1 32
38 1 4 13 58 1 57
37 2 2 2 20 2 18
36 2 3 6 37 3 34
35 2 7 4 46 3 43
34 1 0 2 19 1 18
33 3 9 2 96 8 88
32 2 2 2 16 6 10
31 1 4 10 51 3 48
30 0 9 5 72 0 72
29 6 2 4 67 30 37
28 2 0 4 41 5 36
27 1 2 0 22 1 21
26 1 1 0 12 3 9
25 2 0 0 7 3 4
24 2 1 0 38 2 36
23 3 0 0 7 4 3
22 15 0 0 61 47 14
21 1 1 0 22 2 20
20 1 2 0 18 1 17
9 2 1 0 10 2 8
8 1 0 0 10 1 9
7 2 4 0 23 3 20
6 5 0 0 14 13 1
5 8 0 0 21 11 10
4 1 1 0 6 3 3
3 0 2 0 26 0 26
2 2 1 0 11 3 8
1 0 2 0 13 0 13
0 1 2 0 15 1 14
19 1 1 0 21 5 16
18 1 0 0 8 1 7
17 3 4 0 23 7 16
16 0 6 0 27 0 27
15 5 2 0 26 9 17
14 1 2 0 6 1 5
13 6 1 0 16 8 8
12 1 0 0 23 2 21
11 0 0 0 19 0 19
76 9 8 8 145 34 111
10 2 2 0 32 3 29
75 3 6 4 69 4 65
74 6 11 9 203 36 167
73 0 12 3 114 0 114
72 36 42 493 2594 372 2222
71 44 34 449 2737 658 2079
70 4 3 16 178 20 158
69 3 0 76 574 151 423
68 1 8 10 114 3 111
67 2 1 12 238 41 197
66 4 0 152 775 35 740
65 3 2 1 42 9 33
64 13 3 0 77 56 21
63 0 1 0 51 0 51
62 3 11 6 87 7 80
61 4 8 29 237 30 207
60 1 1 4 29 2 27

