19 0 0 2 21 0 21
18 1 2 11 38 3 35
17 2 5 2 37 3 34
16 1 0 2 45 4 41
15 0 3 7 67 0 67
14 2 6 7 50 3 47
13 1 1 2 36 1 35
12 1 0 4 39 3 36
11 2 2 0 24 3 21
10 4 0 0 17 7 10
9 2 0 0 36 3 33
8 0 0 0 8 0 8
29 6 7 16 147 23 124
7 2 0 0 12 3 9
28 4 4 22 312 13 299
6 1 1 0 8 1 7
27 2 0 620 842 15 827
5 5 0 0 34 23 11
26 12 13 153 846 175 671
4 2 0 0 13 2 11
25 16 10 89 578 226 352
3 4 1 0 27 13 14
24 0 7 26 147 0 147
2 3 4 0 61 11 50
23 5 7 72 397 24 373
1 3 1 0 15 6 9
22 4 4 2 59 32 27
0 1 2 0 11 1 10
21 1 14 94 643 6 637
20 10 3 15 252 84 168

