59 0 4 7 62 0 62
58 4 1 6 48 7 41
57 3 6 20 98 5 93
56 20 3 29 177 129 48
55 0 2 2 26 0 26
54 2 3 21 56 4 52
53 1 1 1306 3974 5 3969
52 6 7 20 165 21 144
51 0 1 2 13 0 13
50 1 1 2 24 1 23
49 1 3 4 25 2 23
48 3 2 2 24 9 15
47 1 0 38 174 7 167
46 1 0 8 60 5 55
45 1 2 6 34 1 33
44 4 2 2 32 10 22
43 1 6 13 61 1 60
42 2 3 2 20 2 18
41 2 2 6 37 3 34
40 2 8 4 52 3 49
39 2 1 2 21 3 18
38 1 0 2 19 1 18
37 0 8 2 65 0 65
36 5 11 35 203 22 181
35 2 2 2 16 6 10
34 2 5 10 53 3 50
33 4 0 4 43 7 36
32 1 3 0 16 1 15
31 6 5 0 58 26 32
30 6 1 0 40 24 16
29 2 0 0 7 3 4
28 1 2 0 22 1 21
27 1 1 0 10 1 9
26 2 0 0 7 4 3
25 17 0 0 64 50 14
89 46 54 656 3623 540 3083
24 1 1 0 22 2 20
88 8 15 82 432 21 411
23 1 1 0 30 2 28
22 2 2 0 25 5 20
87 8 6 5 87 32 55
21 1 1 0 10 1 9
86 8 3 0 39 12 27
20 0 5 0 27 0 27
85 3 0 76 590 167 423
84 1 2 1 40 10 30
83 12 25 133 860 109 751
82 4 5 22 214 25 189
81 10 5 8 172 60 112
80 58 28 247 2155 730 1425
9 1 3 0 20 1 19
8 1 4 0 34 1 33
7 8 0 0 25 15 10
6 3 1 0 7 4 3
5 0 3 0 29 0 29
4 2 2 0 13 3 10
3 0 2 0 13 0 13
2 1 2 0 19 1 18
1 1 0 0 13 2 11
0 1 10 0 52 1 51
19 1 2 0 6 1 5
18 5 1 0 18 10 8
17 1 1 0 25 2 23
16 0 0 0 19 0 19
15 1 2 0 32 3 29
14 1 1 0 10 2 8
79 3 1 12 238 41 197
13 1 0 0 10 1 9
78 1 5 1 30 1 29
12 1 5 0 8 1 7
77 2 0 152 775 35 740
11 2 4 0 23 3 20
76 15 2 2 84 60 24
10 4 0 0 15 14 1
75 0 1 0 51 0 51
74 4 5 1 85 13 72
73 2 1 2 58 4 54
72 3 12 2 55 6 49
71 1 4 2 34 1 33
70 5 9 2 79 16 63
69 1 0 8 21 2 19
68 7 8 31 259 31 228
67 1 4 2 53 10 43
66 7 0 20 88 32 56
65 1 10 5 68 1 67
64 2 0 23 46 2 44
63 2 4 2 32 10 22
62 0 1 11 91 0 91
61 2 5 2 29 2 27
60 1 1 4 30 3 27

