29 1 3 2 42 1 41
28 1 1 6 41 1 40
27 4 8 2 79 14 65
26 8 5 35 244 23 221
25 3 1 4 32 6 26
24 2 1 5 31 2 29
23 1 2 2 33 7 26
22 4 1 2 30 16 14
21 0 4 2 41 0 41
20 3 6 7 83 4 79
9 1 3 0 19 1 18
8 0 4 0 24 0 24
19 1 3 2 61 2 59
7 3 1 0 11 3 8
18 2 1 88 272 21 251
6 1 0 0 11 10 1
17 1 6 2 60 5 55
5 1 1 0 3 1 2
16 1 3 4 58 9 49
4 1 2 0 31 1 30
15 1 3 2 43 3 40
3 12 0 0 50 39 11
14 2 4 4 40 7 33
2 14 1 0 59 35 24
13 6 1 5 61 28 33
1 5 4 0 72 18 54
12 1 0 4 39 3 36
0 1 3 0 19 3 16
11 2 0 0 17 3 14
10 0 0 0 8 0 8
42 32 29 827 2475 516 1959
41 12 11 18 343 112 231
40 5 8 8 110 11 99
39 2 1 0 77 6 71
38 0 9 33 186 0 186
37 3 0 22 278 139 139
36 4 4 8 67 8 59
35 1 4 30 283 1 282
34 1 0 4 14 3 11
33 2 1 0 35 3 32
32 3 6 4 76 5 71
31 1 4 25 95 1 94
30 1 1 649 1134 5 1129

