129 1 10 16 182 9 173
128 4 4 4 134 31 103
127 9 4 17 264 94 170
126 0 10 3 120 0 120
125 9 6 3 91 39 52
124 13 7 28 366 52 314
123 2 5 6 121 6 115
122 3 1 0 19 6 13
121 18 16 129 635 98 537
120 5 6 0 42 9 33
59 1 1 2 41 2 39
58 2 3 2 16 6 10
57 3 1 2 43 9 34
56 5 3 6 67 20 47
55 1 2 0 18 1 17
54 1 7 0 19 1 18
53 2 1 0 26 2 24
52 1 0 0 12 1 11
51 1 1 0 12 6 6
50 7 0 0 11 8 3
119 3 0 177 1073 383 690
118 2 2 1 41 12 29
117 2 4 42 121 7 114
116 2 1 12 214 49 165
115 1 5 73 249 3 246
114 2 7 7 91 12 79
113 1 8 7 63 2 61
112 3 11 1305 3326 34 3292
111 4 0 230 890 35 855
110 6 3 0 54 36 18
49 1 1 0 26 6 20
48 4 3 0 28 13 15
47 0 1 0 25 0 25
46 2 2 0 20 2 18
45 1 2 0 6 1 5
44 2 1 0 8 4 4
43 0 2 0 17 0 17
42 2 2 0 32 3 29
41 0 3 0 28 0 28
40 2 1 0 15 2 13
109 1 0 0 11 1 10
108 2 1 2 59 4 55
107 4 7 2 97 24 73
106 1 1 4 39 1 38
105 4 8 42 313 45 268
104 2 1 4 26 7 19
103 2 0 19 80 7 73
102 3 1 5 26 3 23
101 2 3 4 40 11 29
100 1 0 23 45 1 44
39 1 4 0 13 1 12
38 4 1 0 10 6 4
37 13 0 0 33 24 9
36 0 4 0 63 0 63
35 1 3 0 22 1 21
34 1 0 0 13 2 11
99 2 4 4 47 12 35
33 1 2 0 17 1 16
98 0 1 11 92 0 92
32 2 2 0 6 3 3
97 1 6 11 98 2 96
31 1 0 0 12 2 10
96 2 2 17 92 12 80
30 6 1 0 49 29 20
95 3 6 20 112 5 107
94 1 2 2728 7872 7 7865
93 1 1 5 15 2 13
92 0 5 2 19 0 19
91 2 3 4 31 4 27
90 1 1 6 41 2 39
29 2 0 0 7 2 5
28 1 0 0 3 2 1
27 1 4 0 57 12 45
26 1 1 0 24 1 23
25 1 3 0 12 1 11
24 7 0 0 18 8 10
89 1 2 2 34 12 22
23 4 1 0 17 5 12
88 2 2 6 37 3 34
87 2 4 7 107 11 96
22 7 0 0 28 15 13
86 1 2 2 43 1 42
21 5 6 0 43 24 19
85 3 9 2 133 15 118
20 1 0 0 33 2 31
84 2 11 8 74 2 72
83 1 8 5 55 1 54
82 1 1 5 27 1 26
81 3 0 4 43 7 36
80 1 0 8 21 2 19
9 1 1 0 12 1 11
8 2 3 0 54 14 40
7 1 3 0 26 2 24
6 0 2 0 15 0 15
5 4 0 0 18 17 1
4 1 2 0 34 1 33
3 2 0 0 9 4 5
2 0 3 0 35 0 35
1 2 3 0 18 2 16
0 2 2 0 15 2 13
19 1 1 0 20 4 16
18 1 1 0 10 1 9
17 1 0 0 20 4 16
16 2 1 0 27 12 15
15 6 1 0 18 10 8
14 1 0 0 25 2 23
79 5 10 38 167 28 139
13 3 4 0 46 14 32
78 8 1 24 127 57 70
77 2 2 2 29 4 25
12 1 1 0 11 3 8
76 1 0 19 42 7 35
11 1 3 0 20 1 19
75 1 0 6 25 5 20
10 1 0 0 10 1 9
74 2 4 2 30 2 28
73 0 2 17 72 0 72
72 1 3 7 60 3 57
71 2 8 6 49 3 46
70 24 2 32 234 182 52
135 101 92 3085 8329 996 7333
134 1 2 1 28 1 27
133 12 2 4 144 97 47
132 5 3 1 88 13 75
131 2 3 4 48 6 42
130 5 1 0 31 17 14
69 0 2 2 26 0 26
68 0 5 11 86 0 86
67 11 1 5 58 36 22
66 1 2 2 13 1 12
65 1 0 60 207 7 200
64 1 4 2 49 1 48
63 3 1 8 80 23 57
62 3 9 7 90 24 66
61 1 7 4 53 2 51
60 4 2 4 77 26 51

