org.apache.openjpa.enhance 0 1 2 0 2 3109 0 0 1 1 108 1 95 564 14 10 47 789 168 621 0 0 1 1 0.108
org.apache.openjpa.datacache 4 6 28 0 6 1690 0 0 1 1 116 6 91 122 8 12 84 506 77 429 0 0 1 1 0.249
org.apache.openjpa.abstractstore 0 1 1 0 1 161 0 0 1 0 26 1 83 52 2 7 1 50 2 48 0 0 1 0 0.038
org.apache.openjpa.kernel 11 10 46 4 14 6572 0 0 1 1 278 15 66 350 26 15 443 2187 802 1385 0 0 1 1 0.284
org.apache.openjpa.jdbc.kernel 0 2 5 1 2 1315 0 0 1 1 97 1 93 270 8 24 100 1320 313 1007 0 0 1 1 0.132
org.apache.openjpa.jdbc.schema 2 2 6 3 2 1549 0 0 1 1 83 3 95 172 10 14 140 1109 620 489 0 0 1 1 0.202
org.apache.openjpa.jdbc.sql 2 2 6 5 3 3745 0 0 1 1 172 4 99 912 9 17 137 2046 903 1143 0 0 1 1 0.118
org.apache.openjpa.lib.jdbc 5 5 13 0 6 2395 0 0 0 0 69 3 64 9 5 3 20 355 65 290 0 0 0 0 0.122
org.apache.openjpa.persistence 4 4 15 0 6 3151 0 0 1 1 261 6 89 328 6 20 223 1744 101 1643 0 0 1 1 0.202
org.apache.openjpa.meta 2 1 4 0 3 2245 0 0 1 1 137 4 97 501 24 11 142 1410 747 663 0 0 1 1 0.165
org.apache.openjpa.kernel.exps 0 1 4 0 1 536 0 0 1 1 105 1 98 140 11 7 336 1063 534 529 0 0 1 1 0.387
